0.0697158081705
0.0750836920134
0.0730699715982
0.0631778741866
0.0692878746219
0.0631013016412
0.0597058823529
0.0573152337858
0.0546179809758
0.0502052415535
0.0473166084471
0.0473751600512
0.043421482207
0.0425461741425
0.0420280186791
0.0348090571139
0.0348721355032
0.0326752893125
0.0366941015089
0.0335176226676
0.0325779036827
0.0273923870509
0.0297619047619
0.0329824561404
0.0275294958885
0.0298181818182
0.0309315866084
0.0300036589828
0.0292825768668
0.0282317979198
0.0244444444444
0.0256791961295
0.0190258751903
0.0252873563218
0.0226586102719
0.0255319148936
0.0234886407393
0.0172076652327
0.0202754399388
0.0199530516432
0.0210400952759
0.0229215229215
0.0147292993631
0.020659515296
0.0179569034318
0.021973631642
0.0211681693454
0.019536019536
0.0181293778327
0.0164065626251
0.0191134607564
0.0175145954962
0.0140670252379
0.0166666666667
0.016
0.0180921052632
0.0187734668335
0.020206185567
0.015503875969
0.0152671755725
0.0157676348548
0.0158254918734
0.0141607663474
0.0190839694656
0.013634426928
0.0114085125055
0.0151122625216
0.0166809238666
0.0178338408003
0.0182900893237
0.01303214596
0.0126306620209
0.0119760479042
0.0146173688736
0.0177719982661
0.0166229221347
0.0127472527473
0.014385353095
0.0136383633964
0.0157870996843
0.0122164048866
0.013519603425
0.01261829653
0.0106714095153
0.013434841021
0.019512195122
0.0149863760218
0.00981704596162
0.0135562584727
0.0133333333333
0.0107478728168
0.0110472823685
0.0130513051305
0.0142923005994
0.0133333333333
0.00769927536232
0.0120106761566
0.0139702568725
0.0124423963134
0.011420740064
0.0090991810737
0.0130807397384
0.00789962825279
0.013986013986
0.0105553005966
0.014325323475
0.0108541764983
0.0109004739336
0.0132541133455
0.0137931034483
0.00988700564972
0.0101569713758
0.00846262341326
0.0106432207311
0.00883310088331
0.0132844709116
0.00892857142857
0.00638977635783
0.00768491834774
0.00973574408901
0.0106629578118
0.00951927653498
0.00916104146577
0.0131702728128
0.00877620672843
0.00768861124459
0.0118483412322
0.0111679851094
0.0110896817743
0.0106126386879
0.0117647058824
0.0118147448015
0.00823643410853
0.0088785046729
0.00878048780488
0.00862068965517
0.011385199241
0.0117474302496
0.00821256038647
0.00961076405574
0.00830483634587
0.0114257327372
0.00882785679255
0.00918318028033
0.00624099855977
0.00887573964497
0.00909961685824
0.0098231827112
0.00770712909441
0.00889328063241
0.00779727095517
0.0044226044226
0.00805639476334
0.006454816286
0.00968523002421
0.00785468826706
0.00498007968127
0.00996015936255
0.00880195599022
0.00893743793446
0.0130560928433
0.00851276915373
0.00764525993884
0.00835791543756
0.0121334681496
0.00838677849038
0.00847457627119
0.00709939148073
0.00460122699387
0.00738916256158
0.0110275689223
0.00493827160494
0.0109780439122
0.0096790626592
0.00698602794411
0.0091509913574
0.0136363636364
0.00712468193384
0.0112359550562
0.00641025641026
0.00805639476334
0.00605754669359
0.00562372188139
0.00711382113821
0.00709939148073
0.00884955752212
0.00819252432156
0.00660569105691
0.00753768844221
0.0103466114847
0.0105846774194
0.00654911838791
0.00663942798774
0.00728787090057
0.00510464522716
0.00518134715026
0.00719794344473
0.00768442622951
0.010298661174
0.00473186119874
