0.0,0,0,0,0,0,0
0.001001001001,0,0,0,0,0,0
0.002002002002,0,0,0,0,0,0
0.003003003003,0,0,0,0,0,0
0.004004004004,0,0,0,0,0,0
0.00500500500501,0,0,0,0,0,0
0.00600600600601,0,0,0,0,0,0
0.00700700700701,0,0,0,0,0,0
0.00800800800801,0,0,0,0,0,0
0.00900900900901,0,0,0,0,0,0
0.01001001001,0,0,0,0,0,0
0.011011011011,0,0,0,0,0,0
0.012012012012,0,0,0,0,0,0
0.013013013013,0,0,0,0,0,0
0.014014014014,0,0,0,0,0,0
0.015015015015,0,0,0,0,0,0
0.016016016016,0,0,0,0,0,0
0.017017017017,0,0,0,0,0,0
0.018018018018,0,0,0,0,0,0
0.019019019019,0,0,0,0,0,0
0.02002002002,0,0,0,0,0,0
0.021021021021,0,0,0,0,0,0
0.022022022022,0,0,0,0,0,0
0.023023023023,0,0,0,0,0,0
0.024024024024,0,0,0,0,0,0
0.025025025025,0,0,0,0,0,0
0.026026026026,0,0,0,0,0,0
0.027027027027,0,0,0,0,0,0
0.028028028028,0,0,0,0,0,0
0.029029029029,0,0,0,0,0,0
0.03003003003,0,0,0,0,0,0
0.031031031031,0,0,0,0,0,0
0.032032032032,0,0,0,0,0,0
0.033033033033,0,0,0,0,0,0
0.034034034034,0,0,0,0,0,0
0.035035035035,0,0,0,0,0,0
0.036036036036,0,0,0,0,0,0
0.037037037037,0,0,0,0,0,0
0.038038038038,0,0,0,0,0,0
0.039039039039,0,0,0,0,0,0
0.04004004004,0,0,0,0,0,0
0.041041041041,0,0,0,0,0,0
0.042042042042,0,0,0,0,0,0
0.043043043043,0,0,0,0,0,0
0.044044044044,0,0,0,0,0,0
0.045045045045,0,0,0,0,0,0
0.046046046046,0,0,0,0,0,0
0.047047047047,0,0,0,0,0,0
0.048048048048,0,0,0,0,0,0
0.049049049049,0,0,0,0,0,0
0.0500500500501,0,0,0,0,0,0
0.0510510510511,0,0,0,0,0,0
0.0520520520521,0,0,0,0,0,0
0.0530530530531,0,0,0,0,0,0
0.0540540540541,0,0,0,0,0,0
0.0550550550551,0,0,0,0,0,0
0.0560560560561,0,0,0,0,0,0
0.0570570570571,0,0,0,0,0,0
0.0580580580581,0,0,0,0,0,0
0.0590590590591,0,0,0,0,0,0
0.0600600600601,0,0,0,0,0,0
0.0610610610611,0,0,0,0,0,0
0.0620620620621,0,0,0,0,0,0
0.0630630630631,0,0,0,0,0,0
0.0640640640641,0,0,0,0,0,0
0.0650650650651,0,0,0,0,0,0
0.0660660660661,0,0,0,0,0,0
0.0670670670671,0,0,0,0,0,0
0.0680680680681,0,0,0,0,0,0
0.0690690690691,0,0,0,0,0,0
0.0700700700701,0,0,0,0,0,0
0.0710710710711,0,0,0,0,0,0
0.0720720720721,0,0,0,0,0,0
0.0730730730731,0,0,0,0,0,0
0.0740740740741,0,0,0,0,0,0
0.0750750750751,0,0,0,0,0,0
0.0760760760761,0,0,0,0,0,0
0.0770770770771,0,0,0,0,0,0
0.0780780780781,0,0,0,0,0,0
0.0790790790791,0,0,0,0,0,0
0.0800800800801,0,0,0,0,0,0
0.0810810810811,0,0,0,0,0,0
0.0820820820821,0,0,0,0,0,0
0.0830830830831,0,0,0,0,0,0
0.0840840840841,0,0,0,0,0,0
0.0850850850851,0,0,0,0,0,0
0.0860860860861,0,0,0,0,0,0
0.0870870870871,0,0,0,0,0,0
0.0880880880881,0,0,0,0,0,0
0.0890890890891,0,0,0,0,0,0
0.0900900900901,0,0,0,0,0,0
0.0910910910911,0,0,0,0,0,0
0.0920920920921,0,0,0,0,0,0
0.0930930930931,0,0,0,0,0,0
0.0940940940941,0,0,0,0,0,0
0.0950950950951,0,0,0,0,0,0
0.0960960960961,0,0,0,0,0,0
0.0970970970971,0,0,0,0,0,0
0.0980980980981,0,0,0,0,0,0
0.0990990990991,0,0,0,0,0,0
0.1001001001,0,0,0,0,0,0
0.101101101101,0,0,0,0,0,0
0.102102102102,0,0,0,0,0,0
0.103103103103,0,0,0,0,0,0
0.104104104104,0,0,0,0,0,0
0.105105105105,0,0,0,0,0,0
0.106106106106,0,0,0,0,0,0
0.107107107107,0,0,0,0,0,0
0.108108108108,0,0,0,0,0,0
0.109109109109,0,0,0,0,0,0
0.11011011011,0,0,0,0,0,0
0.111111111111,0,0,0,0,0,0
0.112112112112,0,0,0,0,0,0
0.113113113113,0,0,0,0,0,0
0.114114114114,0,0,0,0,0,0
0.115115115115,0,0,0,0,0,0
0.116116116116,0,0,0,0,0,0
0.117117117117,0,0,0,0,0,0
0.118118118118,0,0,0,0,0,0
0.119119119119,0,0,0,0,0,0
0.12012012012,0,0,0,0,0,0
0.121121121121,0,0,0,0,0,0
0.122122122122,0,0,0,0,0,0
0.123123123123,0,0,0,0,0,0
0.124124124124,0,0,0,0,0,0
0.125125125125,0,0,0,0,0,0
0.126126126126,0,0,0,0,0,0
0.127127127127,0,0,0,0,0,0
0.128128128128,0,0,0,0,0,0
0.129129129129,0,0,0,0,0,0
0.13013013013,0,0,0,0,0,0
0.131131131131,0,0,0,0,0,0
0.132132132132,0,0,0,0,0,0
0.133133133133,0,0,0,0,0,0
0.134134134134,0,0,0,0,0,0
0.135135135135,0,0,0,0,0,0
0.136136136136,0,0,0,0,0,0
0.137137137137,0,0,0,0,0,0
0.138138138138,0,0,0,0,0,0
0.139139139139,0,0,0,0,0,0
0.14014014014,0,0,0,0,0,0
0.141141141141,0,0,0,0,0,0
0.142142142142,0,0,0,0,0,0
0.143143143143,0,0,0,0,0,0
0.144144144144,0,0,0,0,0,0
0.145145145145,0,0,0,0,0,0
0.146146146146,0,0,0,0,0,0
0.147147147147,0,0,0,0,0,0
0.148148148148,0,0,0,0,0,0
0.149149149149,0,0,0,0,0,0
0.15015015015,0,0,0,0,0,0
0.151151151151,0,0,0,0,0,0
0.152152152152,0,0,0,0,0,0
0.153153153153,0,0,0,0,0,0
0.154154154154,0,0,0,0,0,0
0.155155155155,0,0,0,0,0,0
0.156156156156,0,0,0,0,0,0
0.157157157157,0,0,0,0,0,0
0.158158158158,0,0,0,0,0,0
0.159159159159,0,0,0,0,0,0
0.16016016016,0,0,0,0,0,0
0.161161161161,0,0,0,0,0,0
0.162162162162,0,0,0,0,0,0
0.163163163163,0,0,0,0,0,0
0.164164164164,0,0,0,0,0,0
0.165165165165,0,0,0,0,0,0
0.166166166166,0,0,0,0,0,0
0.167167167167,0,0,0,0,0,0
0.168168168168,0,0,0,0,0,0
0.169169169169,0,0,0,0,0,0
0.17017017017,0,0,0,0,0,0
0.171171171171,0,0,0,0,0,0
0.172172172172,0,0,0,0,0,0
0.173173173173,0,0,0,0,0,0
0.174174174174,0,0,0,0,0,0
0.175175175175,0,0,0,0,0,0
0.176176176176,0,0,0,0,0,0
0.177177177177,0,0,0,0,0,0
0.178178178178,0,0,0,0,0,0
0.179179179179,0,0,0,0,0,0
0.18018018018,0,0,0,0,0,0
0.181181181181,0,0,0,0,0,0
0.182182182182,0,0,0,0,0,0
0.183183183183,0,0,0,0,0,0
0.184184184184,0,0,0,0,0,0
0.185185185185,0,0,0,0,0,0
0.186186186186,0,0,0,0,0,0
0.187187187187,0,0,0,0,0,0
0.188188188188,0,0,0,0,0,0
0.189189189189,0,0,0,0,0,0
0.19019019019,0,0,0,0,0,0
0.191191191191,0,0,0,0,0,0
0.192192192192,0,0,0,0,0,0
0.193193193193,0,0,0,0,0,0
0.194194194194,0,0,0,0,0,0
0.195195195195,0,0,0,0,0,0
0.196196196196,0,0,0,0,0,0
0.197197197197,0,0,0,0,0,0
0.198198198198,0,0,0,0,0,0
0.199199199199,0,0,0,0,0,0
0.2002002002,0,0,0,0,0,0
0.201201201201,0,0,0,0,0,0
0.202202202202,0,0,0,0,0,0
0.203203203203,0,0,0,0,0,0
0.204204204204,0,0,0,0,0,0
0.205205205205,0,0,0,0,0,0
0.206206206206,0,0,0,0,0,0
0.207207207207,0,0,0,0,0,0
0.208208208208,0,0,0,0,0,0
0.209209209209,0,0,0,0,0,0
0.21021021021,0,0,0,0,0,0
0.211211211211,0,0,0,0,0,0
0.212212212212,0,0,0,0,0,0
0.213213213213,0,0,0,0,0,0
0.214214214214,0,0,0,0,0,0
0.215215215215,0,0,0,0,0,0
0.216216216216,0,0,0,0,0,0
0.217217217217,0,0,0,0,0,0
0.218218218218,0,0,0,0,0,0
0.219219219219,0,0,0,0,0,0
0.22022022022,0,0,0,0,0,0
0.221221221221,0,0,0,0,0,0
0.222222222222,0,0,0,0,0,0
0.223223223223,0,0,0,0,0,0
0.224224224224,0,0,0,0,0,0
0.225225225225,0,0,0,0,0,0
0.226226226226,0,0,0,0,0,0
0.227227227227,0,0,0,0,0,0
0.228228228228,0,0,0,0,0,0
0.229229229229,0,0,0,0,0,0
0.23023023023,0,0,0,0,0,0
0.231231231231,0,0,0,0,0,0
0.232232232232,0,0,0,0,0,0
0.233233233233,0,0,0,0,0,0
0.234234234234,0,0,0,0,0,0
0.235235235235,0,0,0,0,0,0
0.236236236236,0,0,0,0,0,0
0.237237237237,0,0,0,0,0,0
0.238238238238,0,0,0,0,0,0
0.239239239239,0,0,0,0,0,0
0.24024024024,0,0,0,0,0,0
0.241241241241,0,0,0,0,0,0
0.242242242242,0,0,0,0,0,0
0.243243243243,0,0,0,0,0,0
0.244244244244,0,0,0,0,0,0
0.245245245245,0,0,0,0,0,0
0.246246246246,0,0,0,0,0,0
0.247247247247,0,0,0,0,0,0
0.248248248248,0,0,0,0,0,0
0.249249249249,0,0,0,0,0,0
0.25025025025,0,0,0,0,0,0
0.251251251251,0,0,0,0,0,0
0.252252252252,0,0,0,0,0,0
0.253253253253,0,0,0,0,0,0
0.254254254254,0,0,0,0,0,0
0.255255255255,0,0,0,0,0,0
0.256256256256,0,0,0,0,0,0
0.257257257257,0,0,0,0,0,0
0.258258258258,0,0,0,0,0,0
0.259259259259,0,0,0,0,0,0
0.26026026026,0,0,0,0,0,0
0.261261261261,0,0,0,0,0,0
0.262262262262,0,0,0,0,0,0
0.263263263263,0,0,0,0,0,0
0.264264264264,0,0,0,0,0,0
0.265265265265,0,0,0,0,0,0
0.266266266266,0,0,0,0,0,0
0.267267267267,0,0,0,0,0,0
0.268268268268,0,0,0,0,0,0
0.269269269269,0,0,0,0,0,0
0.27027027027,0,0,0,0,0,0
0.271271271271,0,0,0,0,0,0
0.272272272272,0,0,0,0,0,0
0.273273273273,0,0,0,0,0,0
0.274274274274,0,0,0,0,0,0
0.275275275275,0,0,0,0,0,0
0.276276276276,0,0,0,0,0,0
0.277277277277,0,0,0,0,0,0
0.278278278278,0,0,0,0,0,0
0.279279279279,0,0,0,0,0,0
0.28028028028,0,0,0,0,1,0
0.281281281281,1,0,0,1,1,1
0.282282282282,1,0,0,1,1,1
0.283283283283,1,0,0,1,1,1
0.284284284284,4,0,0,2,3,2
0.285285285285,5,0,0,3,5,3
0.286286286286,6,0,0,4,5,3
0.287287287287,7,0,0,4,5,3
0.288288288288,8,0,0,4,7,3
0.289289289289,8,0,0,5,7,4
0.29029029029,9,0,0,6,7,5
0.291291291291,10,0,0,6,8,6
0.292292292292,11,0,0,7,9,7
0.293293293293,14,0,0,8,10,7
0.294294294294,15,0,0,9,11,7
0.295295295295,16,0,0,11,13,7
0.296296296296,18,0,0,12,15,10
0.297297297297,18,0,0,13,16,11
0.298298298298,18,0,0,13,17,12
0.299299299299,20,0,0,16,18,13
0.3003003003,21,0,0,18,19,14
0.301301301301,23,0,0,21,21,15
0.302302302302,25,0,0,23,24,17
0.303303303303,28,0,0,29,24,17
0.304304304304,28,0,0,35,27,20
0.305305305305,32,0,0,37,30,21
0.306306306306,34,0,0,40,31,22
0.307307307307,39,0,0,41,38,22
0.308308308308,42,0,0,47,40,24
0.309309309309,52,0,0,53,49,28
0.31031031031,56,0,0,56,51,30
0.311311311311,60,1,0,63,56,31
0.312312312312,63,1,0,69,61,35
0.313313313313,69,1,0,76,69,38
0.314314314314,81,1,0,87,75,43
0.315315315315,87,1,0,98,81,48
0.316316316316,92,1,0,103,87,52
0.317317317317,96,1,0,116,90,59
0.318318318318,110,1,0,127,93,64
0.319319319319,121,1,0,135,102,67
0.32032032032,128,2,0,145,109,71
0.321321321321,139,2,0,161,124,75
0.322322322322,156,2,0,180,141,80
0.323323323323,170,2,0,204,159,84
0.324324324324,186,2,0,230,168,90
0.325325325325,200,2,0,246,185,95
0.326326326326,215,2,0,269,206,102
0.327327327327,230,2,0,287,216,113
0.328328328328,244,2,0,307,232,122
0.329329329329,262,2,0,331,254,134
0.33033033033,282,2,0,359,273,146
0.331331331331,304,2,0,378,293,158
0.332332332332,323,2,0,404,309,173
0.333333333333,339,2,1,428,322,182
0.334334334334,357,2,1,451,341,194
0.335335335335,382,2,1,483,365,209
0.336336336336,409,2,2,512,385,227
0.337337337337,444,2,2,552,416,245
0.338338338338,462,2,2,585,431,261
0.339339339339,490,2,2,624,449,275
0.34034034034,522,3,2,672,482,288
0.341341341341,557,3,2,704,504,303
0.342342342342,595,3,3,737,523,316
0.343343343343,626,3,3,775,545,333
0.344344344344,657,4,3,814,573,358
0.345345345345,687,4,3,864,609,374
0.346346346346,717,4,3,910,648,399
0.347347347347,748,4,3,948,679,422
0.348348348348,790,4,5,1002,712,446
0.349349349349,831,4,5,1039,731,474
0.35035035035,863,4,5,1081,761,500
0.351351351351,899,4,5,1133,797,522
0.352352352352,939,4,6,1187,836,540
0.353353353353,973,4,7,1239,871,569
0.354354354354,1012,4,7,1290,921,615
0.355355355355,1063,4,7,1344,955,647
0.356356356356,1108,5,7,1413,1003,681
0.357357357357,1164,6,7,1472,1045,709
0.358358358358,1201,6,7,1538,1080,740
0.359359359359,1259,6,8,1613,1121,776
0.36036036036,1314,7,9,1674,1168,802
0.361361361361,1350,7,10,1750,1205,838
0.362362362362,1394,8,10,1813,1253,877
0.363363363363,1467,8,10,1886,1308,921
0.364364364364,1531,9,12,1956,1361,965
0.365365365365,1591,12,13,2033,1418,1006
0.366366366366,1654,13,13,2099,1476,1055
0.367367367367,1714,13,15,2173,1511,1102
0.368368368368,1772,13,15,2259,1552,1146
0.369369369369,1830,14,15,2333,1601,1188
0.37037037037,1891,15,15,2403,1645,1228
0.371371371371,1961,15,16,2470,1696,1275
0.372372372372,2049,16,17,2565,1750,1317
0.373373373373,2130,17,21,2658,1805,1360
0.374374374374,2200,18,23,2739,1860,1415
0.375375375375,2268,18,23,2809,1926,1469
0.376376376376,2341,19,24,2884,1981,1510
0.377377377377,2399,23,24,2990,2049,1557
0.378378378378,2466,24,27,3094,2102,1602
0.379379379379,2537,24,28,3192,2175,1661
0.38038038038,2606,27,28,3294,2237,1725
0.381381381381,2672,28,31,3371,2294,1781
0.382382382382,2745,29,32,3450,2354,1838
0.383383383383,2804,30,33,3525,2407,1903
0.384384384384,2874,30,33,3617,2473,1948
0.385385385385,2947,31,35,3707,2535,2009
0.386386386386,3018,31,37,3811,2593,2072
0.387387387387,3096,34,40,3902,2661,2127
0.388388388388,3167,34,41,4002,2722,2185
0.389389389389,3243,34,41,4099,2782,2247
0.39039039039,3324,39,41,4202,2853,2315
0.391391391391,3391,39,41,4320,2904,2394
0.392392392392,3471,42,41,4414,2971,2468
0.393393393393,3550,45,42,4516,3033,2532
0.394394394394,3624,48,42,4611,3095,2605
0.395395395395,3699,50,42,4689,3159,2669
0.396396396396,3766,51,43,4786,3213,2736
0.397397397397,3841,53,43,4883,3275,2803
0.398398398398,3911,54,43,4979,3345,2874
0.399399399399,3977,54,45,5100,3405,2942
0.4004004004,4056,56,47,5206,3472,3017
0.401401401401,4132,59,48,5295,3533,3094
0.402402402402,4211,62,48,5397,3584,3169
0.403403403403,4305,62,49,5489,3644,3254
0.404404404404,4395,66,49,5576,3708,3348
0.405405405405,4476,71,50,5686,3765,3433
0.406406406406,4555,73,52,5792,3829,3505
0.407407407407,4641,75,55,5892,3908,3598
0.408408408408,4722,76,55,6008,3967,3674
0.409409409409,4804,79,55,6120,4046,3767
0.41041041041,4884,83,57,6217,4119,3850
0.411411411411,4959,84,60,6315,4185,3914
0.412412412412,5051,88,60,6413,4237,3988
0.413413413413,5126,90,60,6508,4280,4074
0.414414414414,5213,94,62,6606,4357,4157
0.415415415415,5297,97,64,6724,4425,4238
0.416416416416,5389,100,64,6831,4486,4316
0.417417417417,5474,105,66,6945,4542,4396
0.418418418418,5546,106,72,7049,4610,4490
0.419419419419,5636,108,76,7143,4668,4577
0.42042042042,5727,111,77,7237,4722,4652
0.421421421421,5823,112,78,7342,4796,4748
0.422422422422,5915,115,82,7448,4869,4844
0.423423423423,5993,119,82,7546,4914,4927
0.424424424424,6086,120,82,7652,4984,5001
0.425425425425,6186,123,82,7749,5042,5094
0.426426426426,6262,126,83,7857,5111,5191
0.427427427427,6321,130,85,7966,5175,5281
0.428428428428,6397,134,88,8058,5238,5364
0.429429429429,6488,134,89,8172,5310,5469
0.43043043043,6564,136,90,8261,5366,5551
0.431431431431,6627,137,90,8361,5420,5651
0.432432432432,6692,141,93,8465,5482,5738
0.433433433433,6762,144,95,8557,5533,5823
0.434434434434,6843,145,95,8674,5605,5904
0.435435435435,6909,146,98,8793,5676,6016
0.436436436436,6985,151,101,8890,5742,6126
0.437437437437,7063,155,103,8988,5796,6223
0.438438438438,7164,157,107,9097,5869,6316
0.439439439439,7275,160,111,9191,5920,6433
0.44044044044,7347,162,113,9290,5975,6517
0.441441441441,7431,163,114,9403,6027,6620
0.442442442442,7506,166,114,9509,6075,6736
0.443443443443,7595,170,116,9606,6149,6841
0.444444444444,7674,173,118,9730,6201,6947
0.445445445445,7749,175,119,9821,6256,7051
0.446446446446,7844,179,121,9914,6315,7143
0.447447447447,7932,185,125,10003,6388,7244
0.448448448448,8013,189,126,10109,6447,7361
0.449449449449,8096,194,128,10199,6514,7463
0.45045045045,8171,199,129,10294,6574,7566
0.451451451451,8275,207,131,10412,6656,7670
0.452452452452,8368,211,132,10527,6714,7791
0.453453453453,8436,213,136,10620,6785,7883
0.454454454454,8534,218,138,10726,6853,7997
0.455455455455,8622,225,142,10822,6903,8100
0.456456456456,8697,229,145,10904,6973,8197
0.457457457457,8771,230,147,10995,7035,8289
0.458458458458,8867,235,151,11091,7089,8402
0.459459459459,8936,237,156,11190,7147,8486
0.46046046046,9006,240,157,11270,7196,8598
0.461461461461,9077,244,159,11357,7246,8699
0.462462462462,9168,249,163,11473,7314,8813
0.463463463463,9248,252,165,11562,7373,8933
0.464464464464,9345,254,170,11655,7434,9036
0.465465465465,9416,255,174,11739,7481,9147
0.466466466466,9483,259,178,11840,7534,9247
0.467467467467,9550,267,183,11928,7591,9358
0.468468468468,9629,272,183,12022,7648,9467
0.469469469469,9700,279,187,12111,7693,9572
0.47047047047,9772,283,188,12210,7744,9654
0.471471471471,9859,293,190,12307,7813,9765
0.472472472472,9923,296,194,12379,7849,9892
0.473473473473,10008,300,195,12465,7904,9985
0.474474474474,10088,307,199,12556,7966,10085
0.475475475475,10163,310,202,12644,8012,10181
0.476476476476,10243,314,202,12740,8053,10286
0.477477477477,10319,319,205,12838,8112,10386
0.478478478478,10398,323,205,12947,8167,10501
0.479479479479,10470,325,206,13052,8211,10611
0.48048048048,10556,332,209,13134,8264,10750
0.481481481481,10637,335,213,13204,8309,10855
0.482482482482,10703,336,216,13293,8356,10975
0.483483483483,10747,347,220,13374,8393,11099
0.484484484484,10814,352,221,13464,8444,11206
0.485485485485,10874,357,223,13536,8484,11329
0.486486486486,10946,365,229,13630,8541,11443
0.487487487487,11005,371,233,13712,8585,11560
0.488488488488,11074,381,236,13792,8636,11649
0.489489489489,11129,385,238,13859,8697,11775
0.49049049049,11201,387,239,13973,8741,11882
0.491491491491,11253,394,240,14062,8790,12010
0.492492492492,11327,402,245,14147,8852,12128
0.493493493493,11409,408,247,14221,8890,12243
0.494494494494,11479,411,249,14315,8941,12346
0.495495495495,11557,416,250,14410,8996,12465
0.496496496496,11611,421,252,14487,9037,12567
0.497497497497,11688,428,254,14608,9106,12658
0.498498498498,11772,433,255,14683,9166,12761
0.499499499499,11841,438,257,14758,9208,12868
0.500500500501,11930,441,262,14847,9259,12977
0.501501501502,11999,447,265,14908,9292,13090
0.502502502503,12062,452,267,14996,9347,13214
0.503503503504,12134,458,272,15081,9391,13338
0.504504504505,12187,465,281,15161,9448,13488
0.505505505506,12240,471,284,15222,9486,13602
0.506506506507,12303,478,285,15297,9533,13724
0.507507507508,12359,484,288,15370,9571,13849
0.508508508509,12430,489,291,15462,9629,13951
0.50950950951,12487,493,295,15542,9676,14072
0.510510510511,12554,499,297,15603,9716,14198
0.511511511512,12615,504,298,15669,9760,14309
0.512512512513,12692,510,303,15757,9823,14425
0.513513513514,12762,515,306,15837,9857,14535
0.514514514515,12812,524,307,15898,9890,14650
0.515515515516,12884,529,311,15966,9926,14770
0.516516516517,12939,538,313,16040,9961,14882
0.517517517518,13002,542,314,16115,10006,15008
0.518518518519,13068,545,316,16191,10049,15124
0.51951951952,13117,550,319,16263,10079,15242
0.520520520521,13158,558,321,16336,10109,15359
0.521521521522,13229,568,325,16421,10157,15516
0.522522522523,13289,573,329,16494,10199,15638
0.523523523524,13364,578,330,16568,10245,15759
0.524524524525,13422,580,330,16628,10276,15863
0.525525525526,13475,582,333,16694,10311,15953
0.526526526527,13545,587,337,16767,10351,16088
0.527527527528,13600,595,338,16807,10383,16202
0.528528528529,13655,602,343,16867,10434,16335
0.52952952953,13708,609,348,16927,10481,16452
0.530530530531,13772,618,353,16997,10522,16582
0.531531531532,13827,624,356,17065,10554,16709
0.532532532533,13880,625,357,17124,10590,16849
0.533533533534,13930,628,360,17181,10618,16953
0.534534534535,13972,635,365,17243,10656,17091
0.535535535536,14015,638,366,17302,10688,17213
0.536536536537,14050,642,370,17361,10723,17341
0.537537537538,14118,649,374,17429,10767,17466
0.538538538539,14170,655,380,17508,10806,17593
0.53953953954,14221,659,382,17567,10841,17702
0.540540540541,14264,666,386,17636,10871,17816
0.541541541542,14330,672,390,17692,10903,17947
0.542542542543,14386,675,394,17751,10936,18044
0.543543543544,14427,682,400,17809,10973,18168
0.544544544545,14473,692,401,17869,11004,18286
0.545545545546,14523,701,404,17942,11032,18407
0.546546546547,14591,706,407,18028,11082,18537
0.547547547548,14660,710,411,18093,11116,18674
0.548548548549,14714,720,413,18162,11150,18810
0.54954954955,14784,726,414,18230,11197,18917
0.550550550551,14841,731,416,18315,11240,19042
0.551551551552,14895,735,422,18398,11272,19149
0.552552552553,14941,741,431,18443,11305,19248
0.553553553554,15008,750,432,18510,11340,19368
0.554554554555,15060,757,434,18561,11375,19491
0.555555555556,15111,762,439,18623,11403,19601
0.556556556557,15165,764,440,18695,11447,19708
0.557557557558,15202,768,444,18747,11481,19840
0.558558558559,15262,773,446,18802,11533,19963
0.55955955956,15296,778,448,18845,11563,20099
0.560560560561,15355,782,451,18902,11595,20212
0.561561561562,15394,792,453,18965,11620,20326
0.562562562563,15442,795,455,19013,11638,20425
0.563563563564,15492,801,457,19072,11668,20536
0.564564564565,15531,809,458,19117,11686,20636
0.565565565566,15586,819,461,19173,11721,20756
0.566566566567,15644,837,477,19228,11755,20881
0.567567567568,15699,842,484,19285,11785,21015
0.568568568569,15747,846,487,19330,11822,21153
0.56956956957,15802,855,493,19399,11853,21271
0.570570570571,15858,856,496,19447,11878,21380
0.571571571572,15906,862,502,19493,11904,21491
0.572572572573,15946,871,503,19536,11922,21596
0.573573573574,15992,879,508,19580,11946,21702
0.574574574575,16031,889,515,19624,11975,21805
0.575575575576,16070,891,518,19679,11994,21909
0.576576576577,16114,901,522,19714,12018,22027
0.577577577578,16182,901,525,19755,12046,22156
0.578578578579,16223,904,529,19802,12094,22269
0.57957957958,16270,911,530,19863,12125,22385
0.580580580581,16318,916,536,19918,12156,22514
0.581581581582,16375,922,540,19978,12187,22656
0.582582582583,16433,926,543,20040,12211,22774
0.583583583584,16474,931,545,20093,12237,22894
0.584584584585,16497,937,546,20145,12264,23013
0.585585585586,16540,940,549,20188,12286,23152
0.586586586587,16599,950,551,20272,12321,23258
0.587587587588,16647,952,556,20311,12345,23391
0.588588588589,16694,957,559,20409,12362,23514
0.58958958959,16758,964,563,20480,12404,23622
0.590590590591,16807,969,569,20524,12431,23742
0.591591591592,16854,974,570,20584,12454,23874
0.592592592593,16883,978,572,20639,12481,23997
0.593593593594,16933,981,575,20685,12504,24130
0.594594594595,16967,986,579,20720,12524,24251
0.595595595596,17043,998,580,20794,12571,24393
0.596596596597,17097,1004,583,20871,12605,24533
0.597597597598,17121,1009,587,20913,12627,24652
0.598598598599,17168,1016,588,20958,12651,24757
0.5995995996,17208,1019,588,21003,12674,24882
0.600600600601,17246,1026,591,21074,12706,25018
0.601601601602,17292,1039,594,21125,12732,25138
0.602602602603,17335,1042,598,21155,12757,25238
0.603603603604,17378,1050,601,21212,12794,25366
0.604604604605,17427,1059,607,21262,12823,25502
0.605605605606,17477,1066,612,21311,12847,25644
0.606606606607,17516,1075,615,21365,12870,25753
0.607607607608,17560,1079,618,21438,12894,25862
0.608608608609,17587,1081,620,21492,12917,25975
0.60960960961,17658,1090,621,21536,12953,26099
0.610610610611,17689,1098,621,21570,12981,26211
0.611611611612,17734,1110,623,21633,13004,26329
0.612612612613,17795,1116,632,21677,13050,26467
0.613613613614,17829,1120,632,21697,13078,26614
0.614614614615,17861,1136,634,21733,13102,26735
0.615615615616,17911,1146,637,21788,13128,26875
0.616616616617,17965,1158,643,21826,13157,27008
0.617617617618,18018,1160,643,21862,13189,27146
0.618618618619,18073,1161,646,21910,13211,27261
0.61961961962,18114,1166,648,21948,13229,27407
0.620620620621,18141,1173,652,21986,13245,27540
0.621621621622,18178,1179,654,22009,13262,27673
0.622622622623,18218,1184,656,22042,13274,27786
0.623623623624,18253,1189,658,22077,13297,27895
0.624624624625,18291,1196,659,22113,13313,28004
0.625625625626,18330,1199,662,22144,13337,28115
0.626626626627,18373,1203,662,22190,13399,28243
0.627627627628,18425,1211,664,22262,13432,28347
0.628628628629,18452,1215,667,22361,13453,28485
0.62962962963,18481,1221,670,22388,13478,28578
0.630630630631,18520,1229,673,22458,13501,28716
0.631631631632,18563,1233,677,22494,13525,28828
0.632632632633,18593,1238,679,22522,13542,28940
0.633633633634,18640,1242,680,22602,13567,29066
0.634634634635,18690,1246,684,22645,13587,29201
0.635635635636,18725,1251,690,22675,13617,29328
0.636636636637,18759,1258,694,22704,13639,29455
0.637637637638,18801,1265,695,22746,13665,29570
0.638638638639,18870,1271,697,22810,13694,29711
0.63963963964,18923,1274,698,22860,13739,29840
0.640640640641,18964,1279,702,22910,13753,29978
0.641641641642,19004,1283,703,22943,13765,30100
0.642642642643,19035,1288,704,22985,13792,30233
0.643643643644,19084,1296,708,23019,13818,30367
0.644644644645,19142,1297,710,23078,13841,30501
0.645645645646,19179,1300,712,23125,13879,30637
0.646646646647,19223,1305,713,23164,13907,30753
0.647647647648,19251,1311,718,23205,13929,30874
0.648648648649,19286,1316,722,23229,13972,30976
0.64964964965,19325,1323,724,23264,13997,31105
0.650650650651,19374,1330,725,23308,14017,31236
0.651651651652,19448,1335,727,23370,14050,31390
0.652652652653,19483,1339,729,23409,14068,31515
0.653653653654,19504,1343,730,23439,14098,31622
0.654654654655,19528,1344,731,23472,14121,31709
0.655655655656,19566,1345,737,23497,14135,31804
0.656656656657,19597,1349,741,23535,14157,31929
0.657657657658,19647,1355,744,23582,14169,32049
0.658658658659,19673,1357,745,23602,14183,32179
0.65965965966,19712,1361,746,23631,14210,32310
0.660660660661,19759,1368,751,23660,14221,32437
0.661661661662,19798,1369,752,23699,14242,32560
0.662662662663,19850,1373,755,23762,14270,32697
0.663663663664,19884,1377,757,23798,14310,32850
0.664664664665,19905,1380,761,23817,14336,32966
0.665665665666,19952,1383,764,23845,14366,33087
0.666666666667,19985,1384,765,23874,14385,33193
0.667667667668,20023,1391,768,23898,14406,33335
0.668668668669,20046,1392,769,23926,14423,33457
0.66966966967,20076,1397,771,23951,14437,33560
0.670670670671,20104,1400,772,23988,14468,33675
0.671671671672,20155,1412,776,24034,14486,33777
0.672672672673,20191,1419,776,24067,14505,33906
0.673673673674,20209,1421,778,24089,14510,34025
0.674674674675,20232,1426,779,24132,14525,34134
0.675675675676,20278,1430,784,24170,14550,34266
0.676676676677,20319,1435,786,24224,14576,34392
0.677677677678,20348,1436,788,24242,14604,34477
0.678678678679,20384,1443,793,24278,14618,34624
0.67967967968,20425,1446,793,24325,14630,34745
0.680680680681,20448,1449,795,24354,14641,34839
0.681681681682,20474,1453,797,24372,14655,34934
0.682682682683,20508,1456,798,24413,14674,35067
0.683683683684,20533,1462,799,24452,14697,35177
0.684684684685,20561,1464,800,24472,14712,35285
0.685685685686,20610,1470,803,24519,14726,35411
0.686686686687,20654,1471,804,24588,14759,35525
0.687687687688,20705,1475,807,24649,14802,35630
0.688688688689,20721,1479,810,24660,14816,35718
0.68968968969,20745,1482,813,24677,14833,35843
0.690690690691,20809,1485,814,24728,14871,35961
0.691691691692,20830,1486,814,24747,14880,36059
0.692692692693,20887,1488,815,24785,14918,36179
0.693693693694,20935,1490,818,24834,14935,36305
0.694694694695,20994,1491,819,24907,14980,36429
0.695695695696,21038,1492,820,24959,15007,36535
0.696696696697,21073,1494,823,25016,15034,36635
0.697697697698,21103,1499,825,25063,15055,36726
0.698698698699,21121,1500,825,25080,15069,36865
0.6996996997,21146,1501,827,25100,15087,36978
0.700700700701,21177,1505,829,25148,15109,37100
0.701701701702,21213,1511,832,25202,15149,37199
0.702702702703,21252,1538,832,25230,15171,37320
0.703703703704,21301,1541,833,25283,15189,37436
0.704704704705,21326,1546,838,25307,15204,37527
0.705705705706,21338,1546,839,25316,15217,37655
0.706706706707,21356,1546,840,25324,15232,37779
0.707707707708,21392,1555,840,25352,15259,37889
0.708708708709,21434,1556,844,25362,15283,38004
0.70970970971,21470,1558,844,25384,15293,38115
0.710710710711,21501,1559,845,25400,15305,38226
0.711711711712,21524,1561,846,25435,15335,38328
0.712712712713,21544,1564,847,25448,15353,38426
0.713713713714,21563,1565,850,25468,15373,38519
0.714714714715,21606,1566,850,25492,15410,38628
0.715715715716,21631,1568,850,25508,15439,38748
0.716716716717,21683,1571,850,25554,15461,38848
0.717717717718,21702,1574,854,25563,15469,38937
0.718718718719,21737,1578,856,25581,15488,39046
0.71971971972,21755,1580,856,25595,15501,39139
0.720720720721,21772,1585,859,25608,15513,39237
0.721721721722,21788,1585,859,25626,15528,39338
0.722722722723,21816,1589,861,25646,15544,39445
0.723723723724,21825,1590,861,25663,15557,39565
0.724724724725,21840,1593,865,25674,15566,39667
0.725725725726,21855,1594,865,25702,15588,39767
0.726726726727,21887,1594,865,25732,15599,39895
0.727727727728,21921,1595,866,25758,15615,40014
0.728728728729,21956,1602,869,25785,15644,40133
0.72972972973,21980,1604,871,25816,15656,40252
0.730730730731,22010,1606,875,25841,15672,40326
0.731731731732,22034,1607,876,25855,15675,40438
0.732732732733,22054,1614,879,25875,15691,40528
0.733733733734,22084,1618,881,25905,15702,40601
0.734734734735,22119,1618,881,25948,15710,40676
0.735735735736,22146,1623,883,25960,15727,40763
0.736736736737,22196,1627,886,25996,15747,40842
0.737737737738,22205,1631,893,26017,15757,40916
0.738738738739,22235,1632,893,26031,15774,40999
0.73973973974,22264,1643,894,26067,15791,41098
0.740740740741,22288,1643,894,26076,15802,41179
0.741741741742,22334,1645,894,26111,15816,41267
0.742742742743,22355,1647,895,26154,15824,41387
0.743743743744,22383,1648,895,26173,15852,41479
0.744744744745,22421,1651,895,26196,15872,41584
0.745745745746,22442,1656,903,26237,15887,41678
0.746746746747,22477,1661,907,26288,15917,41781
0.747747747748,22510,1662,908,26312,15938,41860
0.748748748749,22567,1664,908,26347,15959,41980
0.74974974975,22592,1666,910,26360,15977,42066
0.750750750751,22607,1670,913,26383,15985,42142
0.751751751752,22637,1674,915,26423,16009,42254
0.752752752753,22660,1676,916,26435,16023,42341
0.753753753754,22678,1677,919,26448,16041,42429
0.754754754755,22711,1678,919,26489,16052,42539
0.755755755756,22765,1681,919,26571,16102,42639
0.756756756757,22784,1683,919,26603,16107,42726
0.757757757758,22825,1684,921,26637,16141,42849
0.758758758759,22840,1690,923,26656,16151,42943
0.75975975976,22866,1700,924,26699,16160,43045
0.760760760761,22889,1700,927,26725,16178,43121
0.761761761762,22907,1701,928,26739,16197,43187
0.762762762763,22953,1706,928,26794,16235,43280
0.763763763764,22962,1708,930,26811,16242,43376
0.764764764765,22987,1708,931,26825,16254,43465
0.765765765766,23005,1712,935,26852,16268,43552
0.766766766767,23017,1713,938,26861,16279,43625
0.767767767768,23041,1713,938,26896,16293,43715
0.768768768769,23051,1715,939,26903,16298,43778
0.76976976977,23062,1719,939,26920,16305,43849
0.770770770771,23083,1723,939,26935,16316,43904
0.771771771772,23104,1725,942,27005,16320,44002
0.772772772773,23127,1729,946,27020,16348,44088
0.773773773774,23143,1729,946,27027,16362,44174
0.774774774775,23169,1729,946,27043,16385,44236
0.775775775776,23197,1732,946,27104,16406,44323
0.776776776777,23233,1734,950,27144,16412,44382
0.777777777778,23262,1735,953,27171,16428,44463
0.778778778779,23285,1741,957,27199,16448,44536
0.77977977978,23330,1753,957,27236,16472,44597
0.780780780781,23354,1755,959,27249,16490,44669
0.781781781782,23360,1756,959,27269,16512,44720
0.782782782783,23382,1757,959,27306,16517,44810
0.783783783784,23398,1757,960,27313,16530,44864
0.784784784785,23426,1757,961,27358,16537,44947
0.785785785786,23465,1758,962,27388,16558,45028
0.786786786787,23484,1758,962,27441,16571,45096
0.787787787788,23530,1758,963,27482,16596,45176
0.788788788789,23543,1768,965,27486,16609,45232
0.78978978979,23571,1768,966,27498,16626,45307
0.790790790791,23583,1768,966,27528,16638,45349
0.791791791792,23607,1769,967,27558,16650,45404
0.792792792793,23642,1770,970,27588,16671,45489
0.793793793794,23699,1770,971,27594,16679,45542
0.794794794795,23722,1771,973,27625,16702,45609
0.795795795796,23741,1773,973,27651,16710,45674
0.796796796797,23750,1773,975,27658,16714,45730
0.797797797798,23766,1773,975,27658,16721,45770
0.798798798799,23788,1773,975,27680,16737,45829
0.7997997998,23794,1773,975,27698,16741,45895
0.800800800801,23848,1773,975,27741,16765,45949
0.801801801802,23875,1773,978,27784,16792,46021
0.802802802803,23891,1774,979,27796,16799,46062
0.803803803804,23900,1792,980,27802,16807,46099
0.804804804805,23922,1795,980,27816,16824,46142
0.805805805806,23961,1798,982,27829,16832,46207
0.806806806807,23974,1806,982,27860,16837,46265
0.807807807808,23998,1810,989,27867,16851,46313
0.808808808809,24021,1810,990,27919,16874,46369
0.80980980981,24037,1812,991,27965,16899,46432
0.810810810811,24051,1818,991,27984,16924,46503
0.811811811812,24095,1821,996,28025,16942,46566
0.812812812813,24123,1821,996,28060,16970,46643
0.813813813814,24146,1827,997,28105,16998,46708
0.814814814815,24166,1827,998,28127,17011,46791
0.815815815816,24183,1827,999,28149,17023,46851
0.816816816817,24213,1827,1002,28194,17032,46925
0.817817817818,24234,1827,1003,28236,17047,46986
0.818818818819,24294,1829,1004,28309,17088,47046
0.81981981982,24308,1829,1007,28311,17093,47109
0.820820820821,24328,1830,1013,28322,17110,47179
0.821821821822,24344,1833,1014,28332,17124,47224
0.822822822823,24366,1833,1014,28397,17138,47306
0.823823823824,24379,1835,1016,28411,17147,47349
0.824824824825,24400,1839,1019,28427,17159,47412
0.825825825826,24414,1841,1020,28442,17167,47452
0.826826826827,24439,1843,1025,28471,17186,47524
0.827827827828,24461,1844,1026,28502,17229,47595
0.828828828829,24466,1848,1027,28522,17246,47640
0.82982982983,24488,1848,1030,28565,17257,47706
0.830830830831,24519,1851,1030,28592,17275,47762
0.831831831832,24570,1852,1031,28640,17316,47809
0.832832832833,24595,1852,1031,28650,17331,47851
0.833833833834,24612,1853,1032,28653,17345,47882
0.834834834835,24632,1853,1032,28666,17364,47912
0.835835835836,24642,1856,1034,28671,17368,47956
0.836836836837,24650,1858,1034,28685,17373,47997
0.837837837838,24660,1859,1036,28704,17393,48047
0.838838838839,24701,1868,1036,28730,17411,48122
0.83983983984,24716,1868,1037,28745,17423,48164
0.840840840841,24729,1870,1037,28751,17430,48231
0.841841841842,24750,1871,1037,28770,17456,48307
0.842842842843,24801,1873,1037,28825,17488,48358
0.843843843844,24835,1873,1038,28856,17504,48433
0.844844844845,24862,1873,1038,28868,17522,48474
0.845845845846,24878,1873,1041,28885,17528,48512
0.846846846847,24907,1873,1042,28908,17538,48552
0.847847847848,24920,1873,1044,28938,17542,48595
0.848848848849,24948,1874,1045,28965,17565,48677
0.84984984985,24981,1876,1046,29046,17598,48728
0.850850850851,25003,1876,1046,29074,17605,48786
0.851851851852,25021,1876,1046,29112,17616,48820
0.852852852853,25044,1876,1046,29126,17623,48864
0.853853853854,25084,1877,1046,29152,17636,48915
0.854854854855,25120,1877,1046,29174,17661,48976
0.855855855856,25160,1880,1046,29200,17679,49041
0.856856856857,25180,1880,1046,29236,17682,49098
0.857857857858,25196,1882,1047,29249,17698,49123
0.858858858859,25213,1883,1051,29286,17706,49165
0.85985985986,25232,1888,1054,29309,17726,49222
0.860860860861,25262,1889,1054,29349,17743,49274
0.861861861862,25288,1889,1054,29388,17766,49346
0.862862862863,25314,1894,1055,29441,17792,49400
0.863863863864,25353,1894,1055,29469,17805,49448
0.864864864865,25377,1894,1055,29539,17819,49509
0.865865865866,25391,1894,1056,29562,17823,49559
0.866866866867,25410,1895,1058,29570,17835,49602
0.867867867868,25429,1901,1058,29591,17843,49652
0.868868868869,25460,1901,1060,29627,17879,49709
0.86986986987,25493,1903,1061,29647,17886,49754
0.870870870871,25527,1903,1061,29673,17914,49788
0.871871871872,25546,1905,1063,29701,17927,49840
0.872872872873,25565,1905,1064,29717,17943,49883
0.873873873874,25607,1905,1064,29762,17957,49913
0.874874874875,25634,1907,1064,29779,17963,49940
0.875875875876,25656,1908,1064,29789,17972,49971
0.876876876877,25693,1908,1064,29820,17984,50033
0.877877877878,25728,1908,1066,29857,18005,50082
0.878878878879,25749,1908,1066,29864,18016,50130
0.87987987988,25768,1910,1071,29880,18036,50189
0.880880880881,25804,1910,1071,29906,18043,50233
0.881881881882,25826,1914,1071,29931,18060,50277
0.882882882883,25837,1914,1071,29959,18071,50319
0.883883883884,25879,1915,1073,30014,18098,50373
0.884884884885,25906,1915,1073,30052,18119,50415
0.885885885886,25951,1915,1073,30121,18160,50466
0.886886886887,25991,1915,1073,30164,18196,50508
0.887887887888,26012,1917,1073,30215,18211,50558
0.888888888889,26057,1920,1073,30253,18261,50621
0.88988988989,26084,1920,1073,30283,18284,50655
0.890890890891,26129,1920,1074,30343,18303,50725
0.891891891892,26135,1921,1075,30360,18314,50757
0.892892892893,26150,1925,1076,30377,18322,50798
0.893893893894,26162,1928,1077,30394,18338,50859
0.894894894895,26186,1928,1078,30409,18351,50908
0.895895895896,26221,1934,1078,30458,18381,50980
0.896896896897,26272,1934,1081,30476,18428,51027
0.897897897898,26277,1936,1081,30483,18441,51044
0.898898898899,26290,1937,1082,30496,18450,51074
0.8998998999,26310,1940,1083,30507,18456,51108
0.900900900901,26333,1940,1084,30518,18468,51145
0.901901901902,26344,1940,1084,30539,18473,51173
0.902902902903,26373,1940,1086,30561,18480,51211
0.903903903904,26402,1940,1089,30588,18493,51259
0.904904904905,26425,1942,1090,30596,18516,51290
0.905905905906,26452,1943,1090,30620,18540,51345
0.906906906907,26487,1944,1090,30641,18567,51399
0.907907907908,26521,1944,1090,30668,18587,51440
0.908908908909,26542,1944,1092,30693,18609,51478
0.90990990991,26593,1946,1096,30728,18646,51537
0.910910910911,26623,1949,1096,30752,18658,51565
0.911911911912,26642,1949,1096,30773,18676,51604
0.912912912913,26653,1949,1097,30780,18681,51627
0.913913913914,26686,1949,1100,30818,18700,51668
0.914914914915,26700,1950,1101,30843,18713,51708
0.915915915916,26735,1950,1101,30884,18737,51751
0.916916916917,26758,1953,1101,30947,18754,51805
0.917917917918,26771,1954,1101,30971,18774,51858
0.918918918919,26798,1956,1106,31039,18784,51920
0.91991991992,26844,1958,1106,31111,18813,51993
0.920920920921,26856,1960,1106,31142,18839,52037
0.921921921922,26875,1963,1108,31178,18857,52088
0.922922922923,26896,1963,1108,31194,18861,52125
0.923923923924,26909,1967,1110,31200,18882,52161
0.924924924925,26934,1967,1110,31238,18912,52198
0.925925925926,26967,1968,1110,31257,18951,52243
0.926926926927,27000,1968,1111,31292,18981,52293
0.927927927928,27033,1968,1112,31323,19011,52349
0.928928928929,27077,1969,1113,31360,19037,52394
0.92992992993,27096,1969,1113,31403,19046,52423
0.930930930931,27105,1969,1113,31409,19049,52455
0.931931931932,27126,1969,1113,31436,19067,52491
0.932932932933,27149,1969,1113,31467,19079,52552
0.933933933934,27173,1969,1115,31488,19103,52609
0.934934934935,27190,1971,1118,31524,19114,52648
0.935935935936,27218,1973,1119,31569,19125,52692
0.936936936937,27236,1973,1121,31586,19128,52713
0.937937937938,27288,1973,1123,31647,19162,52774
0.938938938939,27338,1977,1123,31657,19199,52816
0.93993993994,27365,1977,1124,31682,19223,52867
0.940940940941,27381,1977,1124,31704,19236,52903
0.941941941942,27399,1981,1124,31743,19246,52961
0.942942942943,27433,1981,1124,31746,19258,53003
0.943943943944,27462,1981,1124,31788,19279,53041
0.944944944945,27484,1982,1126,31801,19287,53103
0.945945945946,27503,1982,1126,31815,19303,53149
0.946946946947,27516,1988,1126,31835,19324,53187
0.947947947948,27523,1992,1126,31838,19333,53220
0.948948948949,27564,1992,1127,31886,19372,53280
0.94994994995,27578,1993,1128,31910,19380,53315
0.950950950951,27601,1993,1129,31930,19392,53351
0.951951951952,27625,1999,1133,31941,19407,53387
0.952952952953,27636,2002,1133,31946,19416,53434
0.953953953954,27681,2005,1133,31977,19449,53500
0.954954954955,27702,2005,1133,31998,19476,53539
0.955955955956,27719,2005,1133,32018,19498,53587
0.956956956957,27722,2005,1135,32023,19511,53623
0.957957957958,27735,2013,1137,32047,19528,53657
0.958958958959,27779,2013,1143,32075,19541,53697
0.95995995996,27794,2013,1143,32090,19549,53731
0.960960960961,27812,2013,1143,32111,19564,53778
0.961961961962,27844,2013,1143,32126,19572,53839
0.962962962963,27875,2013,1145,32143,19589,53905
0.963963963964,27892,2013,1145,32181,19609,53958
0.964964964965,27894,2013,1145,32191,19610,53983
0.965965965966,27903,2014,1146,32227,19620,54021
0.966966966967,27944,2014,1147,32245,19631,54074
0.967967967968,27999,2016,1147,32272,19663,54145
0.968968968969,28011,2021,1147,32293,19672,54191
0.96996996997,28018,2021,1147,32296,19675,54225
0.970970970971,28045,2022,1150,32328,19703,54282
0.971971971972,28052,2022,1153,32334,19709,54321
0.972972972973,28060,2024,1154,32367,19744,54372
0.973973973974,28073,2024,1154,32394,19750,54418
0.974974974975,28105,2024,1154,32455,19770,54457
0.975975975976,28145,2024,1155,32463,19790,54505
0.976976976977,28163,2024,1157,32470,19794,54551
0.977977977978,28193,2027,1160,32503,19809,54607
0.978978978979,28199,2028,1161,32531,19812,54641
0.97997997998,28244,2028,1161,32586,19844,54697
0.980980980981,28260,2028,1162,32595,19852,54736
0.981981981982,28264,2028,1162,32600,19873,54773
0.982982982983,28279,2028,1162,32621,19887,54803
0.983983983984,28338,2028,1162,32660,19924,54842
0.984984984985,28378,2028,1162,32700,19949,54902
0.985985985986,28397,2028,1163,32730,19960,54949
0.986986986987,28420,2030,1163,32744,19992,54991
0.987987987988,28440,2030,1163,32791,20025,55063
0.988988988989,28458,2030,1163,32815,20041,55103
0.98998998999,28464,2038,1163,32823,20046,55135
0.990990990991,28482,2038,1163,32837,20061,55173
0.991991991992,28497,2038,1163,32881,20072,55215
0.992992992993,28555,2038,1163,32954,20088,55286
0.993993993994,28595,2038,1163,33029,20104,55334
0.994994994995,28605,2038,1163,33057,20110,55363
0.995995995996,28631,2038,1163,33126,20165,55392
0.996996996997,28670,2038,1163,33158,20198,55441
0.997997997998,28709,2038,1165,33205,20213,55498
0.998998998999,28721,2038,1166,33255,20228,55562
1.0,28728,2040,1169,33278,20231,55615
