
0.0,0,0,0,0,0,0
0.001001001001,0,0,0,0,0,0
0.002002002002,0,0,0,0,0,0
0.003003003003,0,0,0,0,0,0
0.004004004004,0,0,0,0,0,0
0.00500500500501,0,0,0,0,0,0
0.00600600600601,0,0,0,0,0,0
0.00700700700701,0,0,0,0,0,0
0.00800800800801,0,0,0,0,0,0
0.00900900900901,0,0,0,0,0,0
0.01001001001,0,0,0,0,0,0
0.011011011011,0,0,0,0,0,0
0.012012012012,0,0,0,0,0,0
0.013013013013,0,0,0,0,0,0
0.014014014014,0,0,0,0,0,0
0.015015015015,0,0,0,0,0,0
0.016016016016,0,0,0,0,0,0
0.017017017017,0,0,0,0,0,0
0.018018018018,0,0,0,0,0,0
0.019019019019,0,0,0,0,0,0
0.02002002002,0,0,0,0,0,0
0.021021021021,0,0,0,0,0,0
0.022022022022,0,0,0,0,0,0
0.023023023023,0,0,0,0,0,0
0.024024024024,0,0,0,0,0,0
0.025025025025,0,0,0,0,0,0
0.026026026026,0,0,0,0,0,0
0.027027027027,0,0,0,0,0,0
0.028028028028,0,0,0,0,0,0
0.029029029029,0,0,0,0,0,0
0.03003003003,0,0,0,0,0,0
0.031031031031,0,0,0,0,0,0
0.032032032032,0,0,0,0,0,0
0.033033033033,0,0,0,0,0,0
0.034034034034,0,0,0,0,0,0
0.035035035035,0,0,0,0,0,0
0.036036036036,0,0,0,0,0,0
0.037037037037,0,0,0,0,0,0
0.038038038038,0,0,0,0,0,0
0.039039039039,0,0,0,0,0,0
0.04004004004,0,0,0,0,0,0
0.041041041041,0,0,0,0,0,0
0.042042042042,0,0,0,0,0,0
0.043043043043,0,0,0,0,0,0
0.044044044044,0,0,0,0,0,0
0.045045045045,0,0,0,0,0,0
0.046046046046,0,0,0,0,0,0
0.047047047047,0,0,0,0,0,0
0.048048048048,0,0,0,0,0,0
0.049049049049,0,0,0,0,0,0
0.0500500500501,0,0,0,0,0,0
0.0510510510511,0,0,0,0,0,0
0.0520520520521,0,0,0,0,0,0
0.0530530530531,0,0,0,0,0,0
0.0540540540541,0,0,0,0,0,0
0.0550550550551,0,0,0,0,0,0
0.0560560560561,0,0,0,0,0,0
0.0570570570571,0,0,0,0,0,0
0.0580580580581,0,0,0,0,0,0
0.0590590590591,0,0,0,0,0,0
0.0600600600601,0,0,0,0,0,0
0.0610610610611,0,0,0,0,0,0
0.0620620620621,0,0,0,0,0,0
0.0630630630631,0,0,0,0,0,0
0.0640640640641,0,0,0,0,0,0
0.0650650650651,0,0,0,0,0,0
0.0660660660661,0,0,0,0,0,0
0.0670670670671,0,0,0,0,0,0
0.0680680680681,0,0,0,0,0,0
0.0690690690691,0,0,0,0,0,0
0.0700700700701,0,0,0,0,0,0
0.0710710710711,0,0,0,0,0,0
0.0720720720721,0,0,0,0,0,0
0.0730730730731,0,0,0,0,0,0
0.0740740740741,0,0,0,0,0,0
0.0750750750751,0,0,0,0,0,0
0.0760760760761,0,0,0,0,0,0
0.0770770770771,0,0,0,0,0,0
0.0780780780781,0,0,0,0,0,0
0.0790790790791,0,0,0,0,0,0
0.0800800800801,0,0,0,0,0,0
0.0810810810811,0,0,0,0,0,0
0.0820820820821,0,0,0,0,0,0
0.0830830830831,0,0,0,0,0,0
0.0840840840841,0,0,0,0,0,0
0.0850850850851,0,0,0,0,0,0
0.0860860860861,0,0,0,0,0,0
0.0870870870871,0,0,0,0,0,0
0.0880880880881,0,0,0,0,0,0
0.0890890890891,0,0,0,0,0,0
0.0900900900901,0,0,0,0,0,0
0.0910910910911,0,0,0,0,0,0
0.0920920920921,0,0,0,0,0,0
0.0930930930931,0,0,0,0,0,0
0.0940940940941,0,0,0,0,0,0
0.0950950950951,0,0,0,0,0,0
0.0960960960961,0,0,0,0,0,0
0.0970970970971,0,0,0,0,0,0
0.0980980980981,0,0,0,0,0,0
0.0990990990991,0,0,0,0,0,0
0.1001001001,0,0,0,0,0,0
0.101101101101,0,0,0,0,0,0
0.102102102102,0,0,0,0,0,0
0.103103103103,0,0,0,0,0,0
0.104104104104,0,0,0,0,0,0
0.105105105105,0,0,0,0,0,0
0.106106106106,0,0,0,0,0,0
0.107107107107,0,0,0,0,0,0
0.108108108108,0,0,0,0,0,0
0.109109109109,0,0,0,0,0,0
0.11011011011,0,0,0,0,0,0
0.111111111111,0,0,0,0,0,0
0.112112112112,0,0,0,0,0,0
0.113113113113,0,0,0,0,0,0
0.114114114114,0,0,0,0,0,0
0.115115115115,0,0,0,0,0,0
0.116116116116,0,0,0,0,0,0
0.117117117117,0,0,0,0,0,0
0.118118118118,0,0,0,0,0,0
0.119119119119,0,0,0,0,0,0
0.12012012012,0,0,0,0,0,0
0.121121121121,0,0,0,0,0,0
0.122122122122,0,0,0,0,0,0
0.123123123123,0,0,0,0,0,0
0.124124124124,0,0,0,0,0,0
0.125125125125,0,0,0,0,0,0
0.126126126126,0,0,0,0,0,0
0.127127127127,0,0,0,0,0,0
0.128128128128,0,0,0,0,0,0
0.129129129129,0,0,0,0,0,0
0.13013013013,0,0,0,0,0,0
0.131131131131,0,0,0,0,0,0
0.132132132132,0,0,0,0,0,0
0.133133133133,0,0,0,0,0,0
0.134134134134,0,0,0,0,0,0
0.135135135135,0,0,0,0,0,0
0.136136136136,0,0,0,0,0,0
0.137137137137,0,0,0,0,0,0
0.138138138138,0,0,0,0,0,0
0.139139139139,0,0,0,0,0,0
0.14014014014,0,0,0,0,0,0
0.141141141141,0,0,0,0,0,0
0.142142142142,0,0,0,0,0,0
0.143143143143,0,0,0,0,0,0
0.144144144144,0,0,0,0,0,0
0.145145145145,0,0,0,0,0,0
0.146146146146,0,0,0,0,0,0
0.147147147147,0,0,0,0,0,0
0.148148148148,0,0,0,0,0,0
0.149149149149,0,0,0,0,0,0
0.15015015015,0,0,0,0,0,0
0.151151151151,0,0,0,0,0,0
0.152152152152,0,0,0,0,0,0
0.153153153153,0,0,0,0,0,0
0.154154154154,0,0,0,0,0,0
0.155155155155,0,0,0,0,0,0
0.156156156156,0,0,0,0,0,0
0.157157157157,0,0,0,0,0,0
0.158158158158,0,0,0,0,0,0
0.159159159159,0,0,0,0,0,0
0.16016016016,0,0,0,0,0,0
0.161161161161,0,0,0,0,0,0
0.162162162162,0,0,0,0,0,0
0.163163163163,0,0,0,0,0,0
0.164164164164,0,0,0,0,0,0
0.165165165165,0,0,0,0,0,0
0.166166166166,0,0,0,0,0,0
0.167167167167,0,0,0,0,0,0
0.168168168168,0,0,0,0,0,0
0.169169169169,0,0,0,0,0,0
0.17017017017,0,0,0,0,0,0
0.171171171171,0,0,0,0,0,0
0.172172172172,0,0,0,0,0,0
0.173173173173,0,0,0,0,0,0
0.174174174174,0,0,0,0,0,0
0.175175175175,0,0,0,0,0,0
0.176176176176,0,0,0,0,0,0
0.177177177177,0,0,0,0,0,0
0.178178178178,0,0,0,0,0,0
0.179179179179,0,0,0,0,0,0
0.18018018018,0,0,0,0,0,0
0.181181181181,0,0,0,0,0,0
0.182182182182,0,0,0,0,0,0
0.183183183183,0,0,0,0,0,0
0.184184184184,0,0,0,0,0,0
0.185185185185,0,0,0,0,0,0
0.186186186186,0,0,0,0,0,0
0.187187187187,0,0,0,0,0,0
0.188188188188,0,0,0,0,0,0
0.189189189189,0,0,0,0,0,0
0.19019019019,0,0,0,0,0,0
0.191191191191,0,0,0,0,0,0
0.192192192192,0,0,0,0,0,0
0.193193193193,0,0,0,0,0,0
0.194194194194,0,0,0,0,0,0
0.195195195195,0,0,0,0,0,0
0.196196196196,0,0,0,0,0,0
0.197197197197,0,0,0,0,0,0
0.198198198198,0,0,0,0,0,0
0.199199199199,0,0,0,0,0,0
0.2002002002,0,0,0,0,0,0
0.201201201201,0,0,0,0,0,0
0.202202202202,0,0,0,0,0,0
0.203203203203,0,0,0,0,0,0
0.204204204204,0,0,0,0,0,0
0.205205205205,0,0,0,0,0,0
0.206206206206,0,0,0,0,0,0
0.207207207207,0,0,0,0,0,0
0.208208208208,0,0,0,0,0,0
0.209209209209,0,0,0,0,0,0
0.21021021021,0,0,0,0,0,0
0.211211211211,0,0,0,0,0,0
0.212212212212,0,0,0,0,0,0
0.213213213213,0,0,0,0,0,0
0.214214214214,0,0,0,0,0,0
0.215215215215,0,0,0,0,0,0
0.216216216216,0,0,0,0,0,0
0.217217217217,0,0,0,0,0,0
0.218218218218,0,0,0,0,0,0
0.219219219219,0,0,0,0,0,0
0.22022022022,0,0,0,0,0,0
0.221221221221,0,0,0,0,0,0
0.222222222222,0,0,0,0,0,0
0.223223223223,0,0,0,0,0,0
0.224224224224,0,0,0,0,0,0
0.225225225225,0,0,0,0,0,0
0.226226226226,0,0,0,0,0,0
0.227227227227,0,0,0,0,0,0
0.228228228228,0,0,0,0,0,0
0.229229229229,0,0,0,0,0,0
0.23023023023,0,0,0,0,0,0
0.231231231231,0,0,0,0,0,0
0.232232232232,0,0,0,0,0,0
0.233233233233,0,0,0,0,0,0
0.234234234234,0,0,0,0,0,0
0.235235235235,0,0,0,0,0,0
0.236236236236,0,0,0,0,0,0
0.237237237237,0,0,0,0,0,0
0.238238238238,0,0,0,0,0,0
0.239239239239,0,0,0,0,0,0
0.24024024024,0,0,0,0,0,0
0.241241241241,0,0,0,0,0,0
0.242242242242,0,0,0,0,0,0
0.243243243243,0,0,0,0,0,0
0.244244244244,0,0,0,0,0,0
0.245245245245,0,0,0,0,0,0
0.246246246246,0,0,0,0,0,0
0.247247247247,0,0,0,0,0,0
0.248248248248,0,0,0,0,0,0
0.249249249249,0,0,0,0,0,0
0.25025025025,0,0,0,0,0,0
0.251251251251,0,0,0,0,0,0
0.252252252252,0,0,0,0,0,0
0.253253253253,0,0,0,0,0,0
0.254254254254,0,0,0,0,0,0
0.255255255255,0,0,0,0,0,0
0.256256256256,0,0,0,0,0,0
0.257257257257,0,0,0,0,0,0
0.258258258258,0,0,0,0,0,0
0.259259259259,0,0,0,0,0,0
0.26026026026,0,0,0,0,0,0
0.261261261261,0,0,0,0,0,0
0.262262262262,0,0,0,0,0,0
0.263263263263,0,0,0,0,0,0
0.264264264264,0,0,0,0,0,0
0.265265265265,0,0,0,0,0,0
0.266266266266,0,0,0,0,0,0
0.267267267267,0,0,0,0,0,0
0.268268268268,0,0,0,0,0,0
0.269269269269,0,0,0,0,0,0
0.27027027027,0,0,0,0,0,0
0.271271271271,0,0,0,0,0,0
0.272272272272,0,0,0,0,0,0
0.273273273273,0,0,0,0,0,0
0.274274274274,0,0,0,0,0,0
0.275275275275,1,0,0,0,0,0
0.276276276276,1,0,0,0,0,0
0.277277277277,1,0,0,0,0,0
0.278278278278,1,0,0,0,0,0
0.279279279279,1,0,0,0,0,0
0.28028028028,1,0,0,0,1,0
0.281281281281,4,0,0,1,1,1
0.282282282282,4,0,0,1,1,1
0.283283283283,4,0,0,1,1,1
0.284284284284,7,0,0,2,3,2
0.285285285285,8,0,0,3,5,3
0.286286286286,9,0,0,4,5,3
0.287287287287,10,0,0,4,5,3
0.288288288288,12,0,0,5,7,3
0.289289289289,13,0,0,6,8,4
0.29029029029,14,0,0,8,9,5
0.291291291291,17,0,0,9,11,6
0.292292292292,18,0,0,11,13,7
0.293293293293,22,0,0,13,15,7
0.294294294294,23,0,0,14,16,7
0.295295295295,25,0,0,16,18,7
0.296296296296,30,0,0,18,21,11
0.297297297297,31,0,0,22,23,13
0.298298298298,32,0,0,23,26,15
0.299299299299,38,0,0,30,29,17
0.3003003003,42,0,0,36,33,20
0.301301301301,46,0,0,40,39,24
0.302302302302,48,0,0,45,43,26
0.303303303303,52,0,0,54,47,26
0.304304304304,54,0,0,63,50,31
0.305305305305,59,0,0,70,54,33
0.306306306306,67,0,0,82,59,34
0.307307307307,73,0,0,86,66,36
0.308308308308,78,0,0,94,72,38
0.309309309309,96,0,0,105,84,45
0.31031031031,104,0,0,111,89,49
0.311311311311,112,1,1,123,99,51
0.312312312312,119,1,1,134,107,59
0.313313313313,132,1,1,145,121,66
0.314314314314,147,1,1,160,131,73
0.315315315315,159,1,1,178,142,81
0.316316316316,173,1,1,191,157,91
0.317317317317,183,1,1,216,167,105
0.318318318318,210,1,1,240,183,115
0.319319319319,231,1,1,257,197,122
0.32032032032,249,2,1,277,215,130
0.321321321321,277,2,1,300,237,141
0.322322322322,305,3,1,328,265,152
0.323323323323,330,3,1,366,293,167
0.324324324324,356,3,1,410,313,181
0.325325325325,393,3,1,439,348,197
0.326326326326,424,3,1,482,384,209
0.327327327327,461,4,1,514,420,233
0.328328328328,488,4,2,553,452,253
0.329329329329,527,4,2,596,488,276
0.33033033033,564,4,2,647,528,300
0.331331331331,605,4,2,693,565,330
0.332332332332,651,4,2,745,603,356
0.333333333333,688,4,3,794,636,374
0.334334334334,727,6,4,844,672,393
0.335335335335,780,6,5,903,711,419
0.336336336336,834,6,6,958,760,452
0.337337337337,897,6,6,1029,809,484
0.338338338338,940,7,6,1096,855,509
0.339339339339,987,8,7,1165,898,532
0.34034034034,1038,9,7,1246,948,561
0.341341341341,1114,9,7,1314,998,605
0.342342342342,1187,9,8,1387,1045,636
0.343343343343,1249,9,8,1464,1094,665
0.344344344344,1310,10,8,1544,1150,705
0.345345345345,1380,10,9,1629,1217,742
0.346346346346,1435,10,9,1728,1298,783
0.347347347347,1507,11,9,1806,1357,827
0.348348348348,1596,13,11,1905,1422,879
0.349349349349,1668,13,11,1987,1469,935
0.35035035035,1744,14,12,2088,1537,991
0.351351351351,1819,15,12,2185,1614,1039
0.352352352352,1896,16,13,2288,1684,1085
0.353353353353,1972,17,14,2387,1754,1141
0.354354354354,2066,18,14,2509,1849,1215
0.355355355355,2168,18,14,2622,1921,1276
0.356356356356,2254,19,14,2746,2011,1344
0.357357357357,2355,20,14,2865,2090,1404
0.358358358358,2445,20,14,2987,2171,1472
0.359359359359,2548,22,15,3109,2248,1543
0.36036036036,2645,23,16,3222,2328,1609
0.361361361361,2731,23,18,3353,2409,1675
0.362362362362,2831,25,18,3475,2504,1750
0.363363363363,2965,25,18,3609,2594,1837
0.364364364364,3084,27,21,3750,2712,1909
0.365365365365,3200,30,22,3896,2817,1985
0.366366366366,3315,31,23,4023,2921,2087
0.367367367367,3430,32,26,4157,3013,2171
0.368368368368,3545,32,26,4312,3109,2252
0.369369369369,3655,34,26,4461,3199,2349
0.37037037037,3772,35,29,4594,3285,2432
0.371371371371,3894,36,31,4736,3387,2539
0.372372372372,4054,37,32,4907,3494,2625
0.373373373373,4196,39,36,5069,3610,2713
0.374374374374,4349,41,41,5236,3708,2823
0.375375375375,4476,41,41,5391,3827,2928
0.376376376376,4621,43,42,5547,3927,3014
0.377377377377,4745,47,43,5723,4046,3111
0.378378378378,4886,50,47,5892,4154,3211
0.379379379379,5013,51,48,6065,4280,3325
0.38038038038,5159,55,48,6256,4404,3445
0.381381381381,5285,57,51,6422,4514,3561
0.382382382382,5423,59,53,6578,4627,3695
0.383383383383,5548,60,56,6740,4735,3832
0.384384384384,5700,60,56,6918,4849,3936
0.385385385385,5860,62,59,7091,4960,4055
0.386386386386,6000,65,63,7285,5066,4176
0.387387387387,6162,69,66,7476,5196,4288
0.388388388388,6328,71,67,7656,5324,4402
0.389389389389,6475,71,67,7827,5443,4523
0.39039039039,6631,77,67,8024,5572,4666
0.391391391391,6763,77,68,8228,5691,4823
0.392392392392,6929,81,70,8432,5831,4966
0.393393393393,7087,85,71,8614,5956,5102
0.394394394394,7236,90,73,8804,6086,5245
0.395395395395,7408,93,76,8974,6206,5364
0.396396396396,7545,95,77,9183,6325,5488
0.397397397397,7688,99,77,9392,6460,5627
0.398398398398,7848,102,77,9570,6598,5765
0.399399399399,7987,103,79,9782,6715,5906
0.4004004004,8145,109,82,9986,6829,6052
0.401401401401,8292,113,84,10187,6963,6192
0.402402402402,8444,118,85,10381,7076,6331
0.403403403403,8627,119,86,10568,7195,6493
0.404404404404,8795,126,88,10736,7312,6664
0.405405405405,8946,132,89,10949,7423,6821
0.406406406406,9116,135,91,11152,7556,6958
0.407407407407,9277,138,94,11360,7688,7134
0.408408408408,9445,139,94,11569,7809,7277
0.409409409409,9613,143,95,11776,7955,7442
0.41041041041,9769,148,98,11968,8094,7605
0.411411411411,9929,149,104,12150,8204,7743
0.412412412412,10088,156,105,12331,8298,7877
0.413413413413,10229,159,107,12514,8390,8065
0.414414414414,10392,164,109,12712,8529,8248
0.415415415415,10569,168,112,12948,8662,8400
0.416416416416,10751,172,112,13150,8799,8536
0.417417417417,10916,180,117,13359,8918,8698
0.418418418418,11062,184,126,13559,9050,8876
0.419419419419,11212,192,131,13740,9146,9060
0.42042042042,11381,195,132,13921,9239,9232
0.421421421421,11539,198,133,14114,9359,9398
0.422422422422,11711,205,137,14316,9480,9596
0.423423423423,11860,209,138,14506,9577,9755
0.424424424424,12034,211,140,14694,9690,9944
0.425425425425,12208,216,140,14868,9801,10143
0.426426426426,12371,222,143,15089,9926,10324
0.427427427427,12496,227,145,15289,10047,10517
0.428428428428,12652,234,149,15485,10166,10688
0.429429429429,12832,237,154,15703,10299,10882
0.43043043043,12966,241,155,15897,10399,11053
0.431431431431,13104,244,156,16092,10520,11235
0.432432432432,13244,249,161,16292,10636,11399
0.433433433433,13402,253,163,16461,10749,11578
0.434434434434,13552,256,165,16681,10874,11750
0.435435435435,13696,260,170,16897,11013,11950
0.436436436436,13837,271,175,17093,11133,12168
0.437437437437,13983,276,177,17262,11230,12352
0.438438438438,14150,280,181,17480,11354,12533
0.439439439439,14318,284,187,17643,11455,12722
0.44044044044,14472,287,192,17836,11559,12900
0.441441441441,14641,290,195,18031,11666,13113
0.442442442442,14780,294,197,18214,11762,13322
0.443443443443,14936,300,200,18395,11883,13517
0.444444444444,15084,304,205,18576,11981,13719
0.445445445445,15227,309,210,18764,12095,13919
0.446446446446,15410,317,213,18969,12224,14090
0.447447447447,15562,326,218,19160,12348,14287
0.448448448448,15700,332,221,19338,12458,14505
0.449449449449,15842,339,225,19534,12571,14698
0.45045045045,15993,348,228,19712,12682,14895
0.451451451451,16158,359,231,19914,12794,15088
0.452452452452,16328,365,234,20089,12899,15274
0.453453453453,16474,370,238,20281,13016,15442
0.454454454454,16635,378,242,20464,13126,15641
0.455455455455,16792,390,248,20650,13226,15848
0.456456456456,16920,397,252,20794,13335,16053
0.457457457457,17068,400,255,20972,13444,16238
0.458458458458,17216,406,262,21140,13559,16450
0.459459459459,17341,410,268,21313,13658,16623
0.46046046046,17486,414,270,21478,13743,16848
0.461461461461,17628,420,272,21632,13835,17033
0.462462462462,17775,429,279,21807,13932,17253
0.463463463463,17919,434,283,21989,14033,17468
0.464464464464,18075,441,288,22154,14141,17656
0.465465465465,18233,446,295,22302,14226,17875
0.466466466466,18351,452,300,22483,14326,18075
0.467467467467,18497,463,307,22658,14435,18282
0.468468468468,18640,474,309,22836,14536,18493
0.469469469469,18766,486,315,23012,14622,18691
0.47047047047,18916,492,317,23186,14718,18864
0.471471471471,19074,505,321,23354,14820,19065
0.472472472472,19185,511,325,23508,14892,19288
0.473473473473,19322,518,329,23665,14987,19472
0.474474474474,19474,527,340,23843,15091,19662
0.475475475475,19609,532,345,24015,15185,19864
0.476476476476,19749,539,348,24189,15263,20043
0.477477477477,19862,547,351,24331,15349,20241
0.478478478478,20005,553,353,24499,15444,20442
0.479479479479,20145,560,355,24660,15538,20638
0.48048048048,20287,569,359,24812,15629,20900
0.481481481481,20431,574,364,24957,15712,21117
0.482482482482,20564,576,367,25106,15789,21336
0.483483483483,20674,588,374,25256,15865,21554
0.484484484484,20809,593,376,25429,15958,21749
0.485485485485,20931,602,378,25577,16029,21980
0.486486486486,21070,615,385,25731,16121,22187
0.487487487487,21163,623,392,25872,16198,22389
0.488488488488,21293,636,397,26023,16276,22584
0.489489489489,21405,643,401,26163,16367,22801
0.49049049049,21546,648,404,26329,16447,23007
0.491491491491,21634,663,408,26500,16530,23250
0.492492492492,21756,675,415,26643,16621,23475
0.493493493493,21902,684,419,26771,16698,23671
0.494494494494,22026,694,423,26945,16786,23858
0.495495495495,22162,705,425,27088,16859,24062
0.496496496496,22269,714,430,27231,16938,24267
0.497497497497,22369,728,436,27403,17019,24436
0.498498498498,22489,734,437,27540,17105,24624
0.499499499499,22607,741,441,27660,17176,24813
0.500500500501,22735,746,450,27803,17259,25017
0.501501501502,22852,758,458,27911,17327,25206
0.502502502503,22954,772,463,28046,17394,25428
0.503503503504,23081,783,472,28190,17460,25661
0.504504504505,23173,796,481,28340,17545,25889
0.505505505506,23276,805,486,28464,17613,26081
0.506506506507,23385,814,488,28607,17686,26290
0.507507507508,23483,821,494,28726,17748,26499
0.508508508509,23576,830,498,28867,17821,26702
0.50950950951,23660,839,505,29011,17889,26919
0.510510510511,23777,848,510,29129,17947,27141
0.511511511512,23885,857,511,29247,18001,27358
0.512512512513,24017,867,518,29402,18095,27565
0.513513513514,24135,880,521,29526,18165,27776
0.514514514515,24227,892,528,29662,18223,27995
0.515515515516,24337,902,536,29777,18286,28195
0.516516516517,24441,921,541,29898,18354,28391
0.517517517518,24552,933,543,30020,18422,28612
0.518518518519,24658,937,550,30158,18503,28799
0.51951951952,24756,948,553,30268,18558,29007
0.520520520521,24840,961,559,30376,18614,29224
0.521521521522,24932,973,567,30504,18679,29465
0.522522522523,25045,983,574,30622,18748,29692
0.523523523524,25147,989,577,30756,18814,29880
0.524524524525,25260,995,581,30881,18869,30076
0.525525525526,25359,1000,588,31006,18928,30243
0.526526526527,25472,1010,596,31136,18987,30472
0.527527527528,25573,1023,600,31235,19043,30687
0.528528528529,25657,1036,607,31351,19103,30911
0.52952952953,25733,1046,614,31449,19162,31128
0.530530530531,25829,1058,620,31572,19240,31339
0.531531531532,25923,1067,624,31691,19297,31568
0.532532532533,26045,1073,627,31809,19368,31798
0.533533533534,26127,1080,634,31906,19420,32005
0.534534534535,26210,1096,642,32012,19477,32235
0.535535535536,26290,1102,645,32120,19530,32444
0.536536536537,26357,1108,650,32226,19588,32623
0.537537537538,26443,1117,656,32332,19637,32822
0.538538538539,26527,1128,665,32429,19691,33044
0.53953953954,26602,1136,669,32538,19749,33246
0.540540540541,26688,1146,674,32636,19800,33457
0.541541541542,26783,1155,680,32739,19857,33683
0.542542542543,26866,1165,687,32843,19907,33879
0.543543543544,26933,1179,693,32954,19967,34110
0.544544544545,27007,1193,698,33053,20004,34298
0.545545545546,27095,1204,704,33152,20049,34506
0.546546546547,27192,1218,710,33265,20107,34719
0.547547547548,27282,1224,718,33367,20158,34947
0.548548548549,27371,1238,722,33476,20209,35160
0.54954954955,27476,1249,723,33595,20269,35351
0.550550550551,27570,1255,726,33708,20333,35568
0.551551551552,27645,1262,731,33808,20380,35762
0.552552552553,27732,1278,744,33905,20436,35942
0.553553553554,27821,1292,746,34004,20494,36144
0.554554554555,27887,1308,756,34091,20540,36347
0.555555555556,27966,1318,764,34186,20584,36541
0.556556556557,28049,1321,766,34278,20647,36726
0.557557557558,28113,1332,773,34366,20690,36923
0.558558558559,28184,1339,776,34461,20739,37126
0.55955955956,28243,1347,780,34550,20781,37332
0.560560560561,28340,1357,786,34637,20828,37511
0.561561561562,28412,1366,792,34715,20870,37697
0.562562562563,28482,1373,797,34798,20908,37863
0.563563563564,28556,1382,801,34891,20955,38058
0.564564564565,28618,1390,803,34974,20993,38235
0.565565565566,28700,1402,811,35048,21037,38428
0.566566566567,28778,1419,817,35135,21084,38613
0.567567567568,28864,1431,825,35212,21126,38822
0.568568568569,28935,1443,830,35287,21179,39020
0.56956956957,29020,1456,833,35368,21219,39218
0.570570570571,29100,1462,837,35445,21257,39407
0.571571571572,29170,1473,849,35523,21299,39627
0.572572572573,29236,1487,853,35596,21330,39821
0.573573573574,29296,1501,860,35665,21368,40008
0.574574574575,29374,1516,867,35741,21413,40222
0.575575575576,29440,1520,872,35829,21448,40392
0.576576576577,29510,1534,878,35891,21480,40573
0.577577577578,29574,1538,884,35959,21512,40743
0.578578578579,29638,1550,891,36048,21572,40940
0.57957957958,29706,1562,897,36119,21610,41147
0.580580580581,29769,1568,903,36199,21656,41341
0.581581581582,29826,1581,909,36277,21691,41552
0.582582582583,29903,1589,914,36366,21724,41747
0.583583583584,29969,1596,917,36433,21771,41947
0.584584584585,30009,1608,924,36508,21816,42154
0.585585585586,30064,1613,928,36570,21852,42334
0.586586586587,30148,1629,933,36654,21890,42531
0.587587587588,30213,1635,938,36713,21923,42749
0.588588588589,30282,1646,942,36778,21950,42953
0.58958958959,30349,1655,947,36845,21988,43134
0.590590590591,30424,1660,954,36913,22024,43319
0.591591591592,30469,1671,958,36982,22056,43506
0.592592592593,30518,1675,961,37064,22098,43697
0.593593593594,30584,1678,966,37135,22126,43896
0.594594594595,30640,1686,970,37193,22163,44092
0.595595595596,30705,1694,973,37251,22203,44294
0.596596596597,30766,1704,977,37321,22241,44506
0.597597597598,30807,1716,984,37386,22278,44683
0.598598598599,30870,1722,988,37456,22308,44859
0.5995995996,30930,1731,989,37507,22332,45053
0.600600600601,30969,1739,996,37577,22373,45248
0.601601601602,31036,1756,1004,37642,22408,45454
0.602602602603,31107,1763,1010,37697,22438,45637
0.603603603604,31149,1776,1014,37750,22470,45821
0.604604604605,31223,1789,1022,37814,22499,46012
0.605605605606,31276,1802,1030,37869,22529,46216
0.606606606607,31331,1810,1033,37933,22560,46371
0.607607607608,31372,1816,1037,37987,22596,46562
0.608608608609,31426,1819,1039,38054,22641,46742
0.60960960961,31496,1832,1044,38106,22675,46902
0.610610610611,31548,1843,1047,38169,22715,47091
0.611611611612,31594,1851,1049,38241,22747,47264
0.612612612613,31645,1862,1058,38297,22775,47444
0.613613613614,31700,1869,1059,38343,22803,47641
0.614614614615,31757,1881,1064,38398,22835,47819
0.615615615616,31822,1891,1071,38461,22866,48000
0.616616616617,31889,1904,1081,38527,22901,48193
0.617617617618,31950,1907,1083,38579,22938,48398
0.618618618619,32009,1908,1085,38646,22977,48561
0.61961961962,32058,1915,1088,38713,23005,48791
0.620620620621,32104,1924,1094,38769,23031,48996
0.621621621622,32142,1931,1098,38814,23057,49173
0.622622622623,32201,1936,1101,38861,23078,49334
0.623623623624,32253,1943,1103,38901,23101,49503
0.624624624625,32295,1953,1105,38950,23119,49688
0.625625625626,32352,1961,1110,38998,23151,49864
0.626626626627,32391,1965,1114,39049,23173,50029
0.627627627628,32444,1969,1116,39101,23204,50207
0.628628628629,32485,1980,1121,39149,23230,50398
0.62962962963,32524,1987,1125,39196,23262,50568
0.630630630631,32569,1996,1128,39252,23291,50746
0.631631631632,32617,2003,1132,39305,23319,50918
0.632632632633,32666,2009,1135,39351,23343,51085
0.633633633634,32708,2013,1138,39393,23368,51251
0.634634634635,32776,2017,1143,39446,23397,51429
0.635635635636,32813,2024,1144,39483,23422,51608
0.636636636637,32848,2030,1146,39522,23438,51815
0.637637637638,32891,2039,1149,39566,23462,51991
0.638638638639,32934,2048,1154,39610,23483,52159
0.63963963964,32982,2055,1155,39651,23508,52302
0.640640640641,33034,2063,1160,39703,23530,52465
0.641641641642,33069,2069,1163,39738,23548,52629
0.642642642643,33103,2074,1164,39776,23569,52806
0.643643643644,33134,2081,1170,39812,23590,52995
0.644644644645,33177,2087,1174,39853,23608,53161
0.645645645646,33211,2092,1174,39890,23631,53344
0.646646646647,33272,2096,1176,39935,23665,53511
0.647647647648,33306,2106,1180,39973,23687,53699
0.648648648649,33348,2116,1180,40011,23718,53852
0.64964964965,33406,2123,1183,40056,23744,54020
0.650650650651,33459,2126,1184,40115,23778,54214
0.651651651652,33505,2132,1186,40161,23801,54392
0.652652652653,33544,2139,1189,40199,23821,54567
0.653653653654,33593,2145,1193,40255,23858,54731
0.654654654655,33636,2148,1193,40291,23879,54870
0.655655655656,33686,2152,1196,40337,23899,55035
0.656656656657,33712,2155,1200,40376,23919,55207
0.657657657658,33749,2163,1203,40402,23935,55362
0.658658658659,33786,2168,1204,40443,23955,55533
0.65965965966,33829,2173,1206,40479,23981,55714
0.660660660661,33862,2181,1213,40504,23995,55870
0.661661661662,33909,2183,1215,40540,24019,56045
0.662662662663,33947,2187,1220,40582,24041,56212
0.663663663664,33984,2195,1223,40625,24068,56409
0.664664664665,34008,2199,1225,40656,24086,56580
0.665665665666,34056,2201,1228,40699,24122,56740
0.666666666667,34099,2203,1230,40739,24146,56897
0.667667667668,34149,2210,1232,40773,24164,57052
0.668668668669,34177,2213,1234,40795,24184,57209
0.66966966967,34220,2219,1237,40824,24208,57352
0.670670670671,34250,2224,1240,40860,24230,57490
0.671671671672,34296,2226,1242,40895,24252,57658
0.672672672673,34342,2233,1242,40932,24273,57824
0.673673673674,34367,2236,1245,40959,24282,57987
0.674674674675,34395,2242,1247,40991,24301,58140
0.675675675676,34436,2249,1250,41036,24330,58305
0.676676676677,34469,2257,1252,41064,24345,58454
0.677677677678,34505,2259,1255,41093,24371,58573
0.678678678679,34537,2267,1263,41112,24381,58758
0.67967967968,34570,2269,1263,41134,24393,58910
0.680680680681,34597,2272,1264,41162,24406,59062
0.681681681682,34636,2277,1267,41187,24426,59199
0.682682682683,34658,2280,1267,41206,24436,59365
0.683683683684,34686,2282,1269,41240,24457,59516
0.684684684685,34715,2285,1270,41264,24475,59664
0.685685685686,34748,2290,1273,41286,24489,59825
0.686686686687,34783,2293,1276,41320,24504,59968
0.687687687688,34811,2298,1279,41346,24525,60103
0.688688688689,34841,2302,1284,41364,24534,60233
0.68968968969,34868,2306,1285,41389,24550,60408
0.690690690691,34898,2309,1285,41414,24566,60537
0.691691691692,34923,2313,1286,41441,24579,60677
0.692692692693,34952,2316,1287,41467,24605,60817
0.693693693694,34974,2320,1293,41495,24620,60956
0.694694694695,35010,2323,1294,41524,24637,61083
0.695695695696,35044,2326,1295,41545,24655,61233
0.696696696697,35064,2328,1297,41569,24668,61350
0.697697697698,35100,2334,1301,41590,24687,61452
0.698698698699,35120,2337,1301,41608,24698,61611
0.6996996997,35141,2339,1304,41628,24715,61746
0.700700700701,35167,2341,1306,41656,24729,61897
0.701701701702,35197,2344,1309,41679,24748,62041
0.702702702703,35222,2350,1313,41702,24766,62169
0.703703703704,35239,2354,1315,41716,24779,62278
0.704704704705,35261,2362,1318,41729,24787,62379
0.705705705706,35272,2364,1320,41745,24803,62522
0.706706706707,35290,2366,1321,41756,24812,62661
0.707707707708,35311,2366,1321,41771,24824,62777
0.708708708709,35340,2368,1325,41784,24835,62900
0.70970970971,35362,2371,1326,41801,24844,63031
0.710710710711,35379,2372,1327,41812,24857,63150
0.711711711712,35400,2375,1330,41826,24865,63263
0.712712712713,35416,2378,1332,41844,24874,63364
0.713713713714,35436,2381,1334,41864,24885,63477
0.714714714715,35461,2383,1336,41872,24892,63592
0.715715715716,35482,2387,1337,41888,24905,63715
0.716716716717,35517,2387,1337,41900,24912,63817
0.717717717718,35539,2391,1340,41909,24920,63936
0.718718718719,35562,2394,1341,41925,24930,64060
0.71971971972,35578,2396,1341,41945,24938,64164
0.720720720721,35594,2398,1343,41965,24952,64277
0.721721721722,35609,2399,1343,41990,24965,64417
0.722722722723,35633,2401,1345,42003,24973,64517
0.723723723724,35644,2403,1345,42012,24984,64648
0.724724724725,35673,2407,1348,42029,25000,64782
0.725725725726,35682,2409,1349,42043,25009,64864
0.726726726727,35708,2409,1349,42056,25018,64994
0.727727727728,35729,2410,1351,42073,25028,65105
0.728728728729,35746,2417,1357,42088,25040,65215
0.72972972973,35766,2420,1360,42104,25056,65348
0.730730730731,35778,2424,1364,42113,25065,65454
0.731731731732,35804,2426,1365,42124,25073,65577
0.732732732733,35818,2432,1369,42139,25082,65667
0.733733733734,35848,2435,1370,42155,25086,65746
0.734734734735,35863,2437,1370,42168,25098,65834
0.735735735736,35876,2439,1371,42177,25106,65934
0.736736736737,35894,2440,1372,42186,25114,66013
0.737737737738,35903,2442,1373,42195,25124,66091
0.738738738739,35923,2443,1373,42203,25131,66178
0.73973973974,35946,2444,1374,42216,25141,66288
0.740740740741,35971,2444,1374,42229,25150,66373
0.741741741742,36004,2446,1374,42242,25162,66478
0.742742742743,36017,2448,1375,42254,25164,66591
0.743743743744,36032,2449,1375,42266,25173,66685
0.744744744745,36042,2453,1376,42274,25181,66786
0.745745745746,36050,2455,1378,42290,25191,66877
0.746746746747,36073,2457,1380,42307,25199,66962
0.747747747748,36092,2458,1381,42319,25210,67045
0.748748748749,36107,2461,1382,42328,25217,67139
0.74974974975,36123,2464,1384,42341,25225,67237
0.750750750751,36136,2467,1385,42348,25231,67318
0.751751751752,36159,2469,1386,42360,25240,67411
0.752752752753,36175,2471,1387,42369,25245,67514
0.753753753754,36188,2472,1389,42379,25251,67616
0.754754754755,36207,2473,1389,42384,25256,67695
0.755755755756,36213,2475,1389,42391,25261,67776
0.756756756757,36228,2475,1389,42402,25266,67858
0.757757757758,36239,2478,1391,42408,25271,67955
0.758758758759,36248,2478,1391,42415,25276,68042
0.75975975976,36264,2480,1392,42423,25281,68123
0.760760760761,36275,2481,1394,42432,25285,68185
0.761761761762,36293,2484,1394,42440,25291,68238
0.762762762763,36306,2485,1394,42451,25294,68314
0.763763763764,36314,2487,1395,42454,25295,68388
0.764764764765,36338,2488,1395,42463,25303,68446
0.765765765766,36348,2491,1399,42475,25312,68509
0.766766766767,36357,2492,1400,42483,25319,68566
0.767767767768,36369,2492,1400,42489,25323,68635
0.768768768769,36378,2495,1402,42495,25325,68692
0.76976976977,36389,2495,1402,42506,25331,68756
0.770770770771,36404,2497,1402,42514,25336,68816
0.771771771772,36409,2497,1402,42521,25336,68899
0.772772772773,36426,2500,1404,42525,25340,68970
0.773773773774,36441,2500,1405,42530,25348,69043
0.774774774775,36446,2501,1405,42533,25349,69105
0.775775775776,36457,2501,1405,42544,25354,69170
0.776776776777,36472,2504,1408,42551,25358,69213
0.777777777778,36485,2506,1409,42560,25367,69269
0.778778778779,36494,2510,1412,42570,25373,69328
0.77977977978,36509,2511,1412,42582,25380,69368
0.780780780781,36517,2513,1414,42587,25385,69429
0.781781781782,36525,2514,1414,42598,25389,69469
0.782782782783,36529,2516,1416,42606,25392,69537
0.783783783784,36539,2516,1416,42610,25396,69588
0.784784784785,36543,2516,1416,42612,25398,69640
0.785785785786,36567,2517,1417,42620,25402,69698
0.786786786787,36576,2517,1417,42624,25407,69740
0.787787787788,36593,2519,1418,42631,25415,69784
0.788788788789,36602,2521,1419,42636,25415,69828
0.78978978979,36614,2521,1419,42644,25422,69886
0.790790790791,36625,2521,1419,42654,25424,69930
0.791791791792,36633,2522,1420,42660,25432,69959
0.792792792793,36640,2523,1421,42662,25435,70016
0.793793793794,36646,2524,1421,42667,25439,70048
0.794794794795,36650,2525,1422,42671,25443,70090
0.795795795796,36656,2527,1423,42676,25446,70120
0.796796796797,36664,2527,1423,42685,25448,70158
0.797797797798,36671,2527,1423,42687,25450,70200
0.798798798799,36679,2527,1423,42693,25455,70229
0.7997997998,36681,2528,1423,42698,25456,70274
0.800800800801,36688,2528,1423,42701,25458,70308
0.801801801802,36698,2528,1423,42703,25464,70358
0.802802802803,36708,2529,1424,42709,25466,70396
0.803803803804,36713,2530,1425,42712,25467,70413
0.804804804805,36723,2530,1425,42718,25472,70441
0.805805805806,36734,2532,1426,42719,25473,70477
0.806806806807,36739,2532,1426,42722,25474,70511
0.807807807808,36741,2533,1427,42723,25475,70536
0.808808808809,36749,2533,1427,42724,25479,70562
0.80980980981,36753,2535,1428,42729,25484,70596
0.810810810811,36754,2535,1428,42732,25485,70634
0.811811811812,36763,2537,1430,42734,25488,70661
0.812812812813,36767,2537,1430,42739,25490,70690
0.813813813814,36777,2538,1431,42742,25493,70718
0.814814814815,36781,2538,1431,42744,25495,70740
0.815815815816,36782,2538,1431,42749,25499,70767
0.816816816817,36793,2538,1431,42752,25501,70783
0.817817817818,36802,2538,1431,42757,25503,70801
0.818818818819,36811,2539,1432,42763,25510,70829
0.81981981982,36819,2540,1433,42764,25510,70854
0.820820820821,36826,2540,1433,42769,25511,70870
0.821821821822,36832,2541,1434,42772,25512,70889
0.822822822823,36840,2541,1434,42777,25517,70916
0.823823823824,36845,2542,1435,42780,25517,70938
0.824824824825,36847,2543,1435,42784,25518,70966
0.825825825826,36849,2545,1436,42785,25519,70982
0.826826826827,36855,2549,1441,42789,25522,71012
0.827827827828,36859,2551,1443,42791,25525,71031
0.828828828829,36862,2551,1443,42793,25529,71053
0.82982982983,36869,2551,1443,42797,25532,71077
0.830830830831,36875,2551,1443,42800,25534,71090
0.831831831832,36884,2552,1444,42800,25536,71100
0.832832832833,36887,2552,1444,42802,25537,71103
0.833833833834,36893,2553,1445,42805,25542,71117
0.834834834835,36900,2553,1445,42810,25545,71126
0.835835835836,36907,2554,1446,42814,25546,71142
0.836836836837,36911,2555,1447,42816,25550,71152
0.837837837838,36915,2556,1448,42819,25552,71166
0.838838838839,36919,2556,1448,42822,25555,71184
0.83983983984,36922,2556,1448,42822,25555,71198
0.840840840841,36923,2556,1448,42823,25555,71220
0.841841841842,36929,2556,1448,42828,25560,71237
0.842842842843,36930,2556,1448,42833,25562,71247
0.843843843844,36932,2556,1448,42833,25562,71256
0.844844844845,36936,2556,1448,42838,25565,71262
0.845845845846,36938,2556,1448,42840,25566,71271
0.846846846847,36943,2556,1448,42842,25567,71287
0.847847847848,36949,2556,1448,42843,25567,71295
0.848848848849,36956,2556,1448,42847,25569,71312
0.84984984985,36963,2556,1448,42852,25570,71319
0.850850850851,36969,2556,1448,42856,25572,71327
0.851851851852,36974,2556,1448,42857,25574,71331
0.852852852853,36978,2556,1448,42858,25574,71339
0.853853853854,36979,2556,1448,42858,25575,71348
0.854854854855,36983,2556,1448,42860,25577,71351
0.855855855856,36985,2556,1448,42861,25579,71356
0.856856856857,36989,2556,1448,42863,25579,71361
0.857857857858,36993,2556,1448,42865,25581,71362
0.858858858859,36999,2557,1449,42866,25581,71366
0.85985985986,37005,2557,1449,42866,25583,71369
0.860860860861,37007,2557,1449,42866,25584,71382
0.861861861862,37009,2557,1449,42866,25584,71382
0.862862862863,37011,2557,1449,42868,25584,71387
0.863863863864,37013,2557,1449,42869,25585,71393
0.864864864865,37015,2557,1449,42872,25586,71399
0.865865865866,37020,2557,1449,42872,25586,71408
0.866866866867,37022,2558,1450,42873,25587,71409
0.867867867868,37025,2558,1450,42874,25588,71417
0.868868868869,37029,2558,1450,42875,25589,71424
0.86986986987,37029,2558,1450,42875,25589,71427
0.870870870871,37030,2558,1450,42877,25592,71434
0.871871871872,37032,2558,1450,42877,25593,71440
0.872872872873,37035,2558,1450,42881,25596,71450
0.873873873874,37038,2558,1450,42882,25597,71452
0.874874874875,37042,2558,1450,42883,25599,71454
0.875875875876,37046,2558,1450,42883,25599,71461
0.876876876877,37049,2558,1450,42884,25599,71463
0.877877877878,37054,2558,1450,42885,25600,71468
0.878878878879,37056,2558,1450,42886,25602,71472
0.87987987988,37056,2559,1451,42888,25603,71479
0.880880880881,37056,2559,1451,42889,25603,71479
0.881881881882,37060,2559,1451,42889,25603,71481
0.882882882883,37062,2559,1451,42889,25603,71481
0.883883883884,37064,2559,1451,42891,25605,71483
0.884884884885,37067,2559,1451,42892,25605,71483
0.885885885886,37070,2559,1451,42892,25606,71484
0.886886886887,37073,2559,1451,42894,25608,71485
0.887887887888,37074,2559,1451,42894,25608,71485
0.888888888889,37074,2559,1451,42894,25608,71486
0.88988988989,37075,2559,1451,42895,25608,71488
0.890890890891,37075,2559,1451,42897,25609,71490
0.891891891892,37077,2559,1451,42897,25609,71491
0.892892892893,37078,2559,1451,42898,25611,71491
0.893893893894,37078,2559,1451,42898,25611,71493
0.894894894895,37079,2559,1451,42898,25611,71495
0.895895895896,37080,2559,1451,42898,25611,71498
0.896896896897,37080,2559,1451,42898,25611,71498
0.897897897898,37080,2559,1451,42899,25612,71498
0.898898898899,37081,2559,1451,42900,25612,71498
0.8998998999,37081,2559,1451,42900,25612,71500
0.900900900901,37082,2559,1451,42900,25612,71500
0.901901901902,37082,2559,1451,42901,25613,71500
0.902902902903,37082,2559,1451,42901,25613,71500
0.903903903904,37084,2559,1451,42901,25613,71500
0.904904904905,37087,2560,1452,42901,25613,71500
0.905905905906,37087,2560,1452,42902,25614,71501
0.906906906907,37087,2560,1452,42902,25614,71501
0.907907907908,37089,2560,1452,42903,25615,71501
0.908908908909,37089,2560,1452,42903,25615,71502
0.90990990991,37090,2561,1452,42903,25615,71504
0.910910910911,37090,2561,1452,42904,25616,71504
0.911911911912,37092,2561,1452,42904,25616,71504
0.912912912913,37092,2561,1452,42904,25617,71504
0.913913913914,37093,2561,1452,42904,25617,71504
0.914914914915,37093,2561,1452,42904,25617,71504
0.915915915916,37093,2561,1452,42904,25617,71504
0.916916916917,37093,2561,1452,42904,25617,71504
0.917917917918,37096,2561,1452,42904,25617,71504
0.918918918919,37099,2561,1452,42904,25617,71508
0.91991991992,37099,2561,1452,42904,25617,71508
0.920920920921,37099,2561,1452,42904,25617,71510
0.921921921922,37099,2561,1452,42905,25617,71510
0.922922922923,37099,2561,1452,42905,25617,71510
0.923923923924,37099,2561,1452,42905,25617,71510
0.924924924925,37099,2561,1452,42905,25617,71510
0.925925925926,37099,2561,1452,42905,25617,71510
0.926926926927,37099,2561,1452,42905,25617,71510
0.927927927928,37099,2561,1452,42905,25617,71510
0.928928928929,37099,2561,1452,42905,25617,71510
0.92992992993,37100,2561,1452,42905,25617,71510
0.930930930931,37100,2561,1452,42905,25617,71510
0.931931931932,37102,2561,1452,42905,25617,71510
0.932932932933,37102,2561,1452,42905,25617,71511
0.933933933934,37102,2561,1452,42905,25617,71511
0.934934934935,37102,2561,1452,42905,25617,71513
0.935935935936,37102,2561,1452,42905,25617,71513
0.936936936937,37102,2561,1452,42905,25617,71513
0.937937937938,37102,2561,1452,42905,25617,71513
0.938938938939,37102,2561,1452,42905,25617,71513
0.93993993994,37102,2561,1452,42905,25617,71513
0.940940940941,37102,2561,1452,42905,25617,71513
0.941941941942,37102,2561,1452,42905,25617,71513
0.942942942943,37102,2561,1452,42905,25617,71516
0.943943943944,37102,2561,1452,42905,25617,71516
0.944944944945,37102,2561,1452,42905,25617,71516
0.945945945946,37102,2561,1452,42905,25617,71516
0.946946946947,37102,2561,1452,42905,25617,71516
0.947947947948,37102,2561,1452,42905,25617,71516
0.948948948949,37102,2561,1452,42905,25617,71516
0.94994994995,37102,2561,1452,42905,25617,71516
0.950950950951,37102,2561,1452,42905,25617,71516
0.951951951952,37102,2561,1452,42905,25617,71516
0.952952952953,37102,2561,1452,42905,25617,71516
0.953953953954,37102,2561,1452,42905,25617,71516
0.954954954955,37102,2561,1452,42905,25617,71516
0.955955955956,37102,2561,1452,42905,25617,71516
0.956956956957,37102,2561,1452,42905,25617,71516
0.957957957958,37102,2561,1452,42905,25617,71516
0.958958958959,37102,2561,1452,42905,25617,71516
0.95995995996,37102,2561,1452,42905,25617,71518
0.960960960961,37103,2561,1452,42905,25617,71518
0.961961961962,37103,2561,1452,42905,25617,71518
0.962962962963,37103,2561,1452,42905,25617,71518
0.963963963964,37103,2561,1452,42905,25617,71518
0.964964964965,37103,2561,1452,42905,25617,71518
0.965965965966,37103,2561,1452,42905,25617,71518
0.966966966967,37103,2561,1452,42905,25617,71518
0.967967967968,37103,2561,1452,42905,25617,71518
0.968968968969,37103,2561,1452,42905,25617,71518
0.96996996997,37103,2561,1452,42905,25617,71518
0.970970970971,37103,2561,1452,42905,25617,71518
0.971971971972,37103,2561,1452,42905,25617,71518
0.972972972973,37103,2561,1452,42905,25617,71518
0.973973973974,37103,2561,1452,42905,25617,71518
0.974974974975,37103,2561,1452,42905,25617,71518
0.975975975976,37103,2561,1452,42905,25617,71518
0.976976976977,37103,2561,1452,42905,25617,71518
0.977977977978,37103,2561,1452,42905,25617,71518
0.978978978979,37103,2561,1452,42905,25617,71518
0.97997997998,37103,2561,1452,42905,25617,71518
0.980980980981,37103,2561,1452,42905,25617,71518
0.981981981982,37103,2561,1452,42905,25617,71518
0.982982982983,37103,2561,1452,42905,25617,71518
0.983983983984,37103,2561,1452,42905,25617,71518
0.984984984985,37103,2561,1452,42905,25617,71518
0.985985985986,37103,2561,1452,42905,25617,71518
0.986986986987,37103,2561,1452,42905,25617,71518
0.987987987988,37103,2561,1452,42905,25617,71518
0.988988988989,37103,2561,1452,42905,25617,71518
0.98998998999,37103,2561,1452,42905,25617,71518
0.990990990991,37103,2561,1452,42905,25617,71518
0.991991991992,37103,2561,1452,42905,25617,71518
0.992992992993,37103,2561,1452,42905,25617,71518
0.993993993994,37103,2561,1452,42905,25617,71518
0.994994994995,37103,2561,1452,42905,25617,71518
0.995995995996,37103,2561,1452,42905,25617,71518
0.996996996997,37103,2561,1452,42905,25617,71518
0.997997997998,37103,2561,1452,42905,25617,71518
0.998998998999,37103,2561,1452,42905,25617,71518
1.0,37103,2561,1452,42905,25617,71518