0.692960768875,7
0.675008624271,10
0.614058623778,6
0.431914492733,168
0.416941933842,139
0.597544365669,12
0.788655809052,1
0.653397742934,4
0.524915305839,178
0.772277037264,1
0.526594929775,58
0.414351745957,158
0.589346719181,5
0.543534217011,29
0.53384977158,12
0.413712011773,152
0.372518732213,141
0.646157896299,12
0.555532523112,123
0.694180192265,1
0.46114713898,51
0.836861798311,1
0.565944540433,54
0.615787932394,5
0.469911903589,71
0.575607913823,51
0.483786161581,15
0.538770610713,4
0.732180655727,3
0.542728421983,106
0.386646731141,120
0.378188361115,151
0.373325006988,177
0.832866024665,1
0.77766368908,3
0.522771259602,15
0.701529524631,5
0.580528173758,41
0.509060016444,168
0.475396471599,30
0.431628564098,129
0.55693574589,2
0.387988297008,119
0.37590203488,167
0.421601877245,106
0.576892569731,46
0.678207168556,186
0.590103702872,16
0.432651494434,135
0.536639430267,12
0.525781081772,17
0.487049769021,43
0.480316979131,53
0.469067959387,69
0.448840221967,122
0.621210526477,110
0.432955286514,38
0.459267653474,176
0.372094645148,89
0.46880393612,27
0.421663504101,76
0.543126283377,12
0.402810209399,116
0.419225371077,59
0.520518390199,18
0.465442685612,89
0.452010458411,136
0.510288264162,30
0.371412303443,164
0.580553347851,3
0.436941545241,52
0.349134205315,200
0.468156129742,145
0.713150465237,20
0.38173143978,24
0.554557461601,8
0.519332514053,17
0.475034768065,64
0.482712280172,28
0.484788992325,187
0.471867086012,98
0.710845805469,2
0.541029079002,34
0.541029079002,121
0.4870841466,143
0.662397287825,13
0.634619068334,1
0.488682536238,72
0.483192347304,91
0.582761850467,3
0.735380626667,2
0.602101776015,24
0.735380626667,110
0.529356472293,121
0.614157343994,65
0.577033962668,49
0.571009818096,56
0.322552017639,151
0.545697970943,5
0.464208506214,23
0.454010433222,27
0.427968606594,42
0.410628209095,67
0.396370410544,97
0.778470415506,1
0.583030373412,110
0.577640449613,129
0.575181198185,136
0.573953521109,142
0.572068236887,151
0.402846452176,140
0.529778976821,82
0.524763991632,92
0.492327617377,175
0.435190731287,56
0.627904913597,2
0.380229043685,135
0.634572806233,15
0.563409085187,103
0.433730049577,109
0.414065261596,194
0.399289066437,117
0.604476726949,5
0.587236134135,11
0.61796626269,104
0.538213284511,4
0.480777894276,16
0.441837686073,31
0.423289096139,74
0.413352100181,106
0.409796137624,123
0.596486761618,17
0.589842090441,5
0.537714940712,8
0.529665768166,10
0.387308032927,180
0.479694157256,11
0.637455250489,60
0.45761850174,180
0.490609087489,21
0.449446761368,58
0.511126776306,11
0.501910661691,13
0.485048276771,23
0.731612378815,1
0.498569291486,92
0.486034693622,118
0.467526461332,97
0.445282955685,177
0.412286291624,90
0.394056732583,112
0.678121648285,2
0.514256374671,96
0.825383064503,1
0.47167343089,119
0.458618710524,161
0.604239339064,24
0.670622276529,3
0.65229815981,5
0.612024620901,30
0.471747430696,26
0.413076738841,111
0.444626239826,136
0.437769154413,168
0.465004178953,120
0.605136386124,15
0.588815851505,4
0.575260485502,170
0.565685929724,199
0.43548734009,7
0.555145343175,52
0.507000825049,18
0.483669310097,6
0.454393296806,21
0.567390409851,41
0.552474853224,57
0.514883859463,125
0.471310913103,47
0.416914311531,75
0.40979209296,86
0.405893562489,92
0.651914716997,11
0.606926967621,21
0.496521129673,2
0.385860002584,46
0.776044226407,1
0.571418577024,9
0.472430318286,31
0.418639814099,123
0.487559668757,61
0.647615759725,13
0.458951650208,67
0.427842974734,173
0.473515656698,176
0.662865542411,4
0.604379831584,7
0.568268214125,16
0.51196610585,129
0.507150155792,175
0.577674419986,4
0.377855431101,72
0.727627958918,172
0.550049024854,34
0.508274720363,147
0.577498645715,151
0.466951342425,15
0.608014265195,4
0.579902617777,13
0.727746019397,6
0.519202256699,64
0.665381634934,8
0.435421117889,66
0.775850573405,3
0.775850573405,17
0.545159150672,38
0.778714125467,1
0.566134451503,50
0.437851432917,24
0.765331432394,2
0.504287738176,26
0.765331432394,111
0.5809008561,20
0.637761043633,4
0.809464511367,1
0.513084519964,28
0.641106700327,1
0.601602999231,31
0.5571256792,132
0.551454447299,146
0.41551743779,134
0.482112944959,17
0.426415038059,90
0.534169389064,86
0.451666025128,109
0.541028732266,31
0.505470698122,55
0.417296343103,58
0.379376419055,164
0.589904512948,15
0.414414510517,103
0.39762663954,200
0.561778351309,131
0.452678049617,174
0.416003529054,124
0.697072187837,2
0.395068004794,195
0.655356163287,8
0.575252342572,12
0.813045983661,2
0.330145465248,118
0.611152756322,144
0.494615660451,28
0.469268970301,42
0.385321516413,154
0.380854707788,166
0.457332155162,31
0.398489818278,131
0.615072664785,8
0.745594324401,1
0.490912138643,173
0.487259110923,188
0.559598089167,83
0.545919699386,107
0.452682210736,42
0.429522742261,86
0.622508711322,27
0.772758089258,7
0.826763342611,1
0.736099280804,5
0.701696134569,14
0.665454190578,31
0.640469578714,45
0.633913894095,47
0.581691683457,137
0.490242764695,26
0.416440389586,110
0.398488418759,45
0.570119144469,69
0.547991920164,138
0.491993202534,23
0.578313364405,18
0.57332637432,13
0.449282250735,54
0.446311321014,160
0.677611210493,3
0.547120630202,39
0.538578352231,44
0.536637763304,47
0.432170765015,35
0.61484990285,3
0.537601091732,43
0.550447901616,51
0.762791978136,1
0.638659036113,12
0.521316028184,75
0.811146880612,5
0.704992787196,2
0.565258029609,11
0.503026510673,56
0.340726472462,198
0.38755409165,194
0.555762835595,89
0.476561746553,10
0.56827851726,7
0.712993222949,1
0.501235726945,23
0.557804671919,74
0.412714246293,81
0.550257435017,51
0.44894324323,78
0.418452075206,39
0.766499695062,1
0.691750883462,2
0.634303937057,3
0.605671740777,4
0.574055866612,11
0.564613668327,12
0.533882202588,21
0.456385398557,145
0.456043272994,146
0.453075902002,161
0.450512413056,177
0.447041688775,196
0.597009816242,6
0.425449079139,20
0.418508034536,62
0.566679092457,8
0.466122409915,90
0.587631870431,26
0.541921942904,180
0.493966246288,42
0.464191644408,104
0.620805953127,14
0.570706952062,83
0.618098097658,109
0.6050343403,1
0.552143752256,16
0.372649451751,163
0.581266371765,7
0.545221517848,17
0.611638962239,2
0.530948290323,4
0.45891578418,15
0.361293598591,107
0.533036430888,9
0.483409730329,17
0.737015728905,2
0.54430949641,33
0.524732587462,58
0.491379501039,176
0.429526505248,62
0.419344674531,94
0.768141028922,75
0.589860027261,34
0.422617928355,88
0.412693211897,148
0.417840462467,191
0.826416391086,1
0.717148924108,3
0.566242751046,60
0.478491737862,29
0.432274313928,71
0.4283513545,74
0.39865895825,152
0.392326403445,179
0.502735302045,2
0.462275580731,7
0.449295378568,160
0.508856440256,11
0.500362505464,13
0.465282923829,25
0.459531277318,52
0.41748556902,159
0.520643333914,53
0.505798311354,73
0.504144446147,78
0.82652118513,1
0.569193202994,38
0.366418521786,131
0.642150229186,18
0.764846157353,1
0.499812708715,23
0.666746736534,3
0.496461405408,133
0.475965518858,158
0.56694676103,14
0.745384370016,3
0.563872640293,11
0.519880328378,32
0.675304606345,4
0.54571165009,38
0.532364229781,196
0.618869505989,14
0.535856970956,7
0.637822888337,8
0.547594152059,21
0.498573980669,65
0.528118063027,3
0.437356114319,11
0.592669032954,3
0.471056290205,115
0.440358533268,79
0.521539442519,112
0.521328052804,113
0.487047684965,170
0.504776579551,74
0.611991906096,21
0.723836461689,3
0.586161012163,65
0.5624875244,112
0.477006724643,50
0.371202651839,107
0.58771551792,20
0.628161827434,1
0.608611166006,2
0.593462794481,4
0.53917425256,8
0.53893281276,10
0.531080040551,11
0.518275595692,14
0.517345174106,15
0.515808900383,17
0.514881542889,18
0.509603824196,23
0.505995391298,26
0.5014336523,31
0.497040544296,33
0.497000150546,34
0.495011385158,36
0.491870272978,37
0.491331382233,38
0.490149326037,41
0.489833635226,43
0.485625320817,50
0.479524715533,56
0.475595119182,64
0.475395389621,65
0.47459192729,67
0.474580757823,68
0.473795129652,70
0.470680491862,77
0.46933396536,80
0.468432053039,81
0.467807914373,83
0.467663686817,84
0.467162644458,86
0.466314391586,92
0.46462764509,100
0.46303704282,108
0.460271302922,114
0.458966664061,119
0.458138655184,126
0.455954193434,138
0.454819230843,145
0.454319859758,147
0.454193519331,149
0.454150222437,150
0.453909707032,154
0.453392284365,156
0.453015034262,159
0.451472071457,164
0.448985935858,177
0.448366192299,179
0.447872972155,182
0.447750782385,183
0.447569630916,184
0.447065165115,188
0.446908584275,189
0.410271741922,104
0.48429483801,62
0.46080063501,173
0.504889500375,163
0.504379678807,10
0.503745172473,6
0.454794861739,28
0.85862825197,1
0.668638181139,9
0.592411792239,53
0.570966371882,23
0.775809684012,80
0.540911871922,87
0.628863336699,4
0.474787003832,140
0.587362436316,49
0.525897784553,29
0.481637333892,75
0.373850215277,197
0.577651297026,21
0.540187367416,40
0.569983967532,17
0.552508913179,23
0.522402090768,50
0.603404251112,30
0.472671359732,17
0.51037950977,7
0.60469793439,7
0.702739385036,13
0.649049350171,16
0.372531714318,200
0.730213744471,1
0.505107130349,96
0.491723850915,134
0.579988389956,7
0.53379336783,14
0.421902637623,159
0.417922570504,175
0.742561028892,2
0.466108076505,125
0.647534424495,2
0.47374879099,47
0.462314512432,61
0.403037787983,171
0.60753784215,88
0.600949545863,15
0.552061475419,21
0.421815927774,49
0.552333822521,32
0.420776022053,128
0.518462623939,103
0.620139318301,5
0.439691922461,10
0.827648822072,1
0.615636451235,18
0.557329968128,162
0.732689616704,2
0.662192114882,3
0.553210623109,13
0.372034199091,82
0.627183256037,1
0.540076419607,12
0.466660052012,87
0.631025297958,1
0.57052253458,4
0.469011331841,52
0.459311800778,195
0.431416433578,161
0.387189938604,121
0.419203973313,75
0.729579116388,6
0.551650844786,5
0.431524874999,77
0.404791421307,152
0.435674861832,193
0.616212131825,78
0.552151676296,1
0.516222613995,4
0.439136344013,72
0.428760408541,104
0.420820296979,158
0.417526310644,124
0.501553131481,103
0.628857920573,76
0.62038420043,31
0.487339135584,87
0.677943271554,7
0.516807866661,53
0.597769678901,4
0.575027091033,5
0.534675226776,9
0.519377982754,12
0.479627712756,22
0.464010314046,38
0.448043194249,66
0.427944213318,109
0.593270216272,18
0.412735153631,88
0.512057962906,38
0.669315609527,1
0.381246651247,105
0.656652104901,1
0.49162271818,93
0.453035839963,122
0.540757901086,21
0.576209874419,49
0.716753409695,4
0.693492625302,7
0.678393989851,27
0.649796082847,60
0.662567188492,1
0.597119256763,161
0.479395320266,114
0.465335796424,150
0.579663394725,118
0.537399681413,12
0.434880679387,58
0.410489557125,94
0.387144802583,154
0.521623731742,127
0.507961485797,152
0.49014927229,26
0.356768147382,172
0.356341118199,174
0.443306280224,104
0.436137994301,142
0.474097190891,34
0.455339218775,56
0.466644775374,153
0.394619343442,73
0.353607735789,152
0.438531804563,95
0.435989583407,104
0.597047948456,163
0.514822051685,76
0.384505768499,117
0.410476765304,49
0.37404521209,131
0.335991777734,165
0.501269175049,120
0.469854685402,24
0.746468254328,5
0.481761347035,53
0.469157704435,73
0.424403841122,65
0.399375158914,120
0.380475432657,184
0.446679446634,148
0.574018217039,7
0.56014461436,8
0.400094924053,43
0.380291464276,89
0.465601159818,42
0.697275367533,2
0.530389119825,49
0.453180112988,121
0.542306336428,20
0.529828765837,30
0.593912483164,15
0.457664962632,60
0.432344473919,110
0.425338782109,133
0.712133266887,8
0.507778675231,5
0.372119451421,83
0.359266749863,127
0.422283659539,58
0.39670414095,144
0.802721005106,1
0.672781663548,8
0.672781663548,36
0.666086856003,1
0.605945970717,45
0.400250792318,31
0.356088220472,186
0.752704355316,1
0.572726442167,5
0.586609300759,7
0.511137313642,94
0.50503572812,108
0.480883453983,196
0.57364625003,2
0.465623898168,15
0.406478680463,108
0.536453743263,41
0.530973207843,44
0.826736960916,1
0.55525920626,72
0.479420991497,97
0.703740518194,11
0.686129183823,4
0.569328763195,8
0.440271952093,142
0.435194148934,41
0.700382489547,1
0.545406434082,58
0.521858948494,104
0.503010588425,147
0.462046245206,53
0.504345963835,8
0.387366854774,89
0.402031667348,115
0.570006466967,77
0.558136655929,120
0.555796046774,136
0.571515486422,16
0.571515486422,133
0.688140119836,11
0.659877475035,6
0.549159741666,55
0.587374698969,167
0.529016522515,10
0.413816914431,69
0.581930881258,166
0.438938225753,55
0.72858872525,3
0.643988970387,12
0.496793034093,180
0.42215466964,104
0.472226740896,85
0.620072959785,10
0.784824416051,1
0.53699170537,21
0.609333445015,135
0.551580699963,67
0.35210114833,189
0.431469305384,110
0.413209553291,192
0.372964696868,144
0.765433866992,1
0.562938697413,38
0.547322902913,52
0.406036984701,32
0.615247925116,43
0.415558876553,123
0.826480871424,2
0.64032317529,20
0.51759969269,7
0.392502139807,75
0.765147595293,1
0.661303404175,5
0.643351450214,6
0.583168957763,20
0.554354515962,43
0.543274288013,53
0.511865093419,114
0.831056174022,1
0.687520171624,15
0.414495833451,77
0.524316477712,6
0.420277764988,58
0.476916461138,124
0.566656165207,26
0.481063853027,46
0.443074640423,176
0.631819880432,59
0.573195738467,74
0.73048135096,1
0.574368198782,10
0.438888050228,19
0.642906320747,9
0.629428101133,16
0.500784783362,14
0.36399181865,51
0.596349890538,5
0.472621843265,65
0.457920094017,93
0.407844926188,156
0.39999710125,187
0.405521200652,40
0.363546633227,37
0.347734084094,55
0.347566666429,56
0.3700277608,157
0.501589328807,21
0.458178886877,31
0.550768468192,116
0.689006687498,43
0.594023383687,67
0.381200830941,82
0.507838419037,17
0.504373046564,19
0.385790017383,150
0.595546823827,34
0.590700544399,73
0.738786778443,1
0.486315405222,100
0.481085060648,119
0.624072583065,83
0.555030598148,14
0.60409383868,39
0.431790596597,61
0.615609597829,6
0.600350147552,15
0.6301707383,13
0.60777371002,5
0.528353849864,57
0.566475695263,44
0.647250570904,45
0.567084525757,12
0.426859427445,24
0.353012473761,22
0.704107178503,2
0.55796487908,21
0.533655662443,43
0.655439116236,3
0.685105296033,38
0.642697317549,39
0.357283327114,116
0.524640028262,23
0.527845690692,65
0.503309996972,165
0.428135710732,107
0.466269306752,44
0.443821914169,91
0.56927950816,22
0.58245825316,14
0.543687159395,47
0.56517746517,6
0.406791798993,189
0.628591584846,10
0.418846351316,193
0.649502596689,5
0.625057694265,3
0.470958940567,116
0.549877008144,7
0.482566982917,55
0.431365137921,151
0.401013869892,128
0.480166480567,65
0.455181514322,149
0.448063984933,191
0.601990789415,2
0.514979443928,59
0.727975852035,3
0.557422599755,34
0.565186727765,3
0.554695827523,4
0.549593778182,5
0.527894513812,6
0.487041593575,12
0.469519278932,17
0.467958232111,18
0.46568500263,19
0.453785760524,22
0.44969070175,24
0.426955336702,27
0.401024739445,38
0.398226809877,39
0.394619343442,43
0.392956921008,44
0.392328824131,45
0.391761655506,46
0.390319853871,47
0.389136560255,48
0.387781151512,49
0.382042665639,53
0.379283005742,54
0.378218330148,56
0.377974631844,57
0.376990613739,58
0.365508032037,67
0.360073164918,78
0.358948053062,80
0.357070559282,83
0.355886194666,86
0.35397035939,89
0.353840590578,90
0.351011313485,95
0.350554278278,96
0.348709441426,99
0.348234601018,100
0.347357378771,103
0.345859199752,109
0.345317693332,112
0.344938041096,114
0.34443953696,116
0.343185839145,121
0.342327926858,124
0.341127292654,132
0.339511788999,144
0.339298545282,147
0.338301198272,152
0.336781587179,157
0.336618807058,159
0.335200433413,168
0.335088116365,170
0.329943172762,193
0.329206978,196
0.558581720451,28
0.504005755079,112
0.612148991543,13
0.530642881377,175
0.410239613655,92
0.672707939262,20
0.622002815695,40
0.529616739453,7
0.438165501281,25
0.435028836695,27
0.70778251689,3
0.539888187089,179
0.496141927448,63
0.379131553282,135
0.588930878368,7
0.625306508614,13
0.604544879444,58
0.6853345775,28
0.759659397712,3
0.529206046429,160
0.575605752283,25
0.482889830517,101
0.567007409596,4
0.573671315948,9
0.503122411938,22
0.437663334064,173
0.616430194323,8
0.612007819487,10
0.541752848023,102
0.532649258536,25
0.604707055686,1
0.435221839919,152
0.602410354455,104
0.578336826277,5
0.585036523863,38
0.364768290593,71
0.568266411659,19
0.509490810335,149
0.687296311369,3
0.606029141917,18
0.410321523539,99
0.431603936447,108
0.381411826233,97
0.339177408322,77
0.74912354616,1
0.540442217016,43
0.464204678986,97
0.593057814792,53
0.575900482773,22
0.560821503585,32
0.458343648259,33
0.430181116362,83
0.386604914203,184
0.603493284069,14
0.330489624811,190
0.580789058838,8
0.574197749352,13
0.499610194024,163
0.426453565734,138
0.674943866014,2
0.571743613193,6
0.379015790527,106
0.695855333371,2
0.581515968099,4
0.485589016862,20
0.46270326641,171
0.444192164221,54
0.386456687117,144
0.471683095927,88
0.440530178403,67
0.49381603647,193
0.677482401654,4
0.547531447887,183
0.632575911859,7
0.341722656237,146
0.462199548806,197
0.664044669278,6
0.663079163939,7
0.516588076139,7
0.485605703689,28
0.452956299451,78
0.450136509166,86
0.422659864509,73
0.694990768233,5
0.654853416023,6
0.794763121669,1
0.585719942922,37
0.533840496687,32
0.531254784174,35
0.504005545122,94
0.521027848986,47
0.72462090619,6
0.472864669065,195
0.39276075837,115
0.37012193607,191
0.760076471991,1
0.471613290264,158
0.627642553886,3
0.657264764171,3
0.528932400403,58
0.63968724812,24
0.60548136395,72
0.380204353706,114
0.525673931967,123
0.616074719638,142
0.506944809341,22
0.473845345907,56
0.457220559265,104
0.450673732092,30
0.619521224485,22
0.447385178518,127
0.445182854975,137
0.671500086582,16
0.455394973592,47
0.41853527998,115
0.505881125002,12
0.48275704414,29
0.441067236682,94
0.428404372209,157
0.730508440431,7
0.71787494266,2
0.615979386097,11
0.541571964745,84
0.511620343939,184
0.601048651704,10
0.467024807352,137
0.448865367885,32
0.436737661867,50
0.434843206617,52
0.377782148338,74
0.468272078931,98
0.455833867766,140
0.688495269737,4
0.673849147436,5
0.604350090722,20
0.525990213733,98
0.678488589938,3
0.542397842671,38
0.474899458641,182
0.43397341273,105
0.429597864416,128
0.464062374772,12
0.486142470036,49
0.359380570852,69
0.341693024976,112
0.50925145391,69
0.465768442721,184
0.348199762434,181
0.477257184455,57
0.407704862442,182
0.529111746733,135
0.528397846378,137
0.429440695618,181
0.429429256078,182
0.427888447926,193
0.492327617377,22
0.458151276764,54
0.446522699785,80
0.419660900252,184
0.45895633557,11
0.438288723767,97
0.559218626716,24
0.546601242597,35
0.401978559977,132
0.753664429538,1
0.614230107817,81
0.573339773986,185
0.595673676726,4
0.583954142981,6
0.481753540947,16
0.457889767916,30
0.45655142569,32
0.454591411132,37
0.4428672788,53
0.426032307688,86
0.418380034804,119
0.41645139309,132
0.407348848674,178
0.406597398151,182
0.651351314005,8
0.590582259251,35
0.415183263216,141
0.377677014273,115
0.802884909086,4
0.398738781681,68
0.382763739552,122
0.585483143879,9
0.522109595913,35
0.492571745442,58
0.442699785628,181
0.594271160772,31
0.356526642743,164
0.444100335365,188
0.818123850396,1
0.660611016877,25
0.659191719712,26
0.408601173798,70
0.401219197355,96
0.417588911789,184
0.397876193997,179
0.513763135984,76
0.506737419313,85
0.445514480494,21
0.399713032535,123
0.807778402233,1
0.566680654675,34
0.558401486703,38
0.538181786636,77
0.611136673879,9
0.538229910621,109
0.513075549832,83
0.332724507913,110
0.687994141256,3
0.50005864653,101
0.456454050558,21
0.435892663951,61
0.584722188309,9
0.542741814962,17
0.757373261325,2
0.658530788429,3
0.455235165709,149
0.493252610384,84
0.466554060845,194
0.590017997197,3
0.488045730657,9
0.730674075206,6
0.730674075206,27
0.529869128576,75
0.451265791007,39
0.514971627493,10
0.462688847112,181
0.619810759415,62
0.685136925276,1
0.593680293732,4
0.512768754313,19
0.658383092812,4
0.629352724663,6
0.568167448123,13
0.564464151321,14
0.558568870176,16
0.558351841033,17
0.558087659297,18
0.556427639734,19
0.550611165677,21
0.546762467019,22
0.535117461938,25
0.521551012117,27
0.519001719044,29
0.518961399671,30
0.517689108719,32
0.507049863936,36
0.505458745453,37
0.504047540437,40
0.503597311518,41
0.503221390133,42
0.500892521458,46
0.500757794911,47
0.499118803417,49
0.498251894272,52
0.492520540681,60
0.491907470235,62
0.487708983023,68
0.487691688199,69
0.484730127128,75
0.482279647566,77
0.482031127953,78
0.479977444902,80
0.479319797197,82
0.472190806142,98
0.470665404058,101
0.468352594041,106
0.467106078946,110
0.466528550699,113
0.465400102851,115
0.465383323336,116
0.463306615365,123
0.46324284439,124
0.462980164593,125
0.460305407553,135
0.460261022825,136
0.459863783836,139
0.459200350297,143
0.458791080217,144
0.458614748971,145
0.457332155162,152
0.457328647463,153
0.457191383147,156
0.455346027975,162
0.45415578733,167
0.45414560738,168
0.453621430706,169
0.452697844025,170
0.452563276134,172
0.451997119904,174
0.451937794258,175
0.451661541704,177
0.451098153401,180
0.450975789555,181
0.448949736934,189
0.447429206704,198
0.51158102476,160
0.695967112212,2
0.68273028448,11
0.657505116126,159
0.477525281882,98
0.452102965929,135
0.67601439565,17
0.499828586225,11
0.498482736919,12
0.429399302431,66
0.394443877398,138
0.381006338732,200
0.700225387734,4
0.560500382814,142
0.386374958239,143
0.585418837216,20
0.488053094273,110
0.486309943693,119
0.632429194302,2
0.592192725887,7
0.52911001044,10
0.524316477712,11
0.523162640845,12
0.517105466549,13
0.512945686731,14
0.511261988129,17
0.505053477938,18
0.501459963457,20
0.498936125262,21
0.494136956124,22
0.49004594059,24
0.486268408831,27
0.474587577344,29
0.47234866643,33
0.463489958074,36
0.460482489677,39
0.460463951613,40
0.459267653474,41
0.457808259332,44
0.457115648176,45
0.451840518838,54
0.451814278201,55
0.450498840175,56
0.450220969689,57
0.446779437408,64
0.442360554688,68
0.441587332671,70
0.44157512756,71
0.4409266497,72
0.434101793847,79
0.432376614948,83
0.431003812854,87
0.429598186674,94
0.429281616329,95
0.428831118663,96
0.426591901308,99
0.425823142958,100
0.424676591205,104
0.424300039302,106
0.424093040596,107
0.422437693321,113
0.422330520874,114
0.421881810911,116
0.421710460314,118
0.421188941357,120
0.420389825726,121
0.41948840619,124
0.418928700067,126
0.417699107251,130
0.416119652075,134
0.415165384598,137
0.415053902878,138
0.412397840647,151
0.410149549912,155
0.409641757309,158
0.409634912796,159
0.409482717556,161
0.408622326753,165
0.405326851175,182
0.403296492926,191
0.403217593162,192
0.402398847792,195
0.732180655727,3
0.502629540327,82
0.74912354616,1
0.681661299684,2
0.601354153729,9
0.591649163147,10
0.536088673636,46
0.521901917114,62
0.516222613995,79
0.509763841079,104
0.47292600635,43
0.524722628411,30
0.47406482408,14
0.698891316671,4
0.554292472396,94
0.339592417009,160
0.355134964767,178
0.506379719586,27
0.463336455159,20
0.404100529512,101
0.692884796073,6
0.480290686696,26
0.56333245255,11
0.54353339528,13
0.452891888988,72
0.449502522652,80
0.430121215844,127
0.753577926213,2
0.589137760037,19
0.572632363929,37
0.552178304965,67
0.439992412726,99
0.417494373427,175
0.630266956372,8
0.617536005261,53
0.435803880862,110
0.54317624047,63
0.530859774866,78
0.536257117303,147
0.660438257333,8
0.359329027457,155
0.354038241638,183
0.403850363564,119
0.418801907709,89
0.414648290173,105
0.642646428766,4
0.521657624011,22
0.720560773728,6
0.5509206894,105
0.548525887658,59
0.48775626164,183
0.439558647671,22
0.457163203837,193
0.707812702194,1
0.444514251552,38
0.433697521968,53
0.418019583282,123
0.53072892882,36
0.431532685754,26
0.396964449268,63
0.508340864264,7
0.552151676296,3
0.540442217016,4
0.527782843343,9
0.516917084082,12
0.501053074882,17
0.495758000226,27
0.486353315427,38
0.470894204582,77
0.462402979549,106
0.46026150309,118
0.498873488742,40
0.440649956707,23
0.434634671982,28
0.64406193485,6
0.525392519935,88
0.600206913538,9
0.631578316709,2
0.464607548776,121
0.630601874312,4
0.478428033544,81
0.454849664097,90
0.559819650251,27
0.405910575163,200
0.665478117356,13
0.433027390675,74
0.404317027702,132
0.633490942815,4
0.603065471608,3
0.433435468071,27
0.611708641737,74
0.52745347005,6
0.516085696952,9
0.506633272569,16
0.701246086761,7
0.518507620488,35
0.366653825268,136
0.355706696199,161
0.684590857984,1
0.521136422175,64
0.524348577473,16
0.520316886625,50
0.580294491189,105
0.490027892632,105
0.473811608403,169
0.55710564006,9
0.517586303338,43
0.490275744837,180
0.660504724861,12
0.616258933633,28
0.786985077759,1
0.63151776238,12
0.571273424114,70
0.439698617612,17
0.384790214344,77
0.567946022006,16
0.431817061301,109
0.446965439865,35
0.551617908122,48
0.367651069522,120
0.357631321183,173
0.780640420278,2
0.579077893926,6
0.401424536043,50
0.451937794258,126
0.551732871906,52
0.467678758652,35
0.57883126726,87
0.608634549885,5
0.450227711723,87
0.444072445468,114
0.805503923711,5
0.550087499189,140
0.791870172951,1
0.547395244578,109
0.478386230107,30
0.475655493489,32
0.410840428585,123
0.506962083901,33
0.565322823456,6
0.435755097455,42
0.60074972468,152
0.687434389944,4
0.651698858905,16
0.478064790021,7
0.324620058774,36
0.525082299764,132
0.680957420857,1
0.562440755915,10
0.473071729071,143
0.489351057141,4
0.400330461786,106
0.451776300815,35
0.417285247915,120
0.348011763681,159
0.431931332038,171
0.38906694032,163
0.554426564268,24
0.502671656179,115
0.621592989773,5
0.42880264931,9
0.36344771029,74
0.449244531996,57
0.400512300094,171
0.41485379895,85
0.604912795494,12
0.722243631264,6
0.573161418353,6
0.531843712163,35
0.511877011659,112
0.500062944143,154
0.722186991648,4
0.375929891122,199
0.372623002294,109
0.716935678814,1
0.590515839031,14
0.533355586658,68
0.391676063388,83
0.724371506214,1
0.554168349851,30
0.523647949674,32
0.488467804779,166
0.517626898469,112
0.457107523395,128
0.550618814506,8
0.458661168098,50
0.451947953019,64
0.422739503608,126
0.643838432885,4
0.520821043551,73
0.351576436346,91
0.451243059262,55
0.751301223862,1
0.515660214583,63
0.508797024538,124
0.577134676039,100
0.643414405598,52
0.446733323129,10
0.412552801676,22
0.366753627051,112
0.67996375844,22
0.625510054738,8
0.626600992665,10
0.600388988203,15
0.573915734346,13
0.678323674819,5
0.523776054502,198
0.482567475746,11
0.441463224558,27
0.392385837586,177
0.617594138435,3
0.560049975938,37
0.511957910816,187
0.396652086722,63
0.553631592552,10
0.681661299684,9
0.598354587444,29
0.595659785229,32
0.575563783095,55
0.560816985506,72
0.552065116003,95
0.488147266536,19
0.427536885877,105
0.41711951996,25
0.410114769853,35
0.377271448544,144
0.625395711887,17
0.866475434204,1
0.652760430437,5
0.52022634679,9
0.391203903939,45
0.669412726707,1
0.780011261947,1
0.533192508397,176
0.491408858838,32
0.473260632764,36
0.446953092034,96
0.487123181255,7
0.417511404236,160
0.79160325791,2
0.44903551544,52
0.617573623658,2
0.380911866983,131
0.561791582756,16
0.578355419978,26
0.532468411788,103
0.376505364632,196
0.589133935586,9
0.525412758926,158
0.462444980974,53
0.409368754636,189
0.704927408895,2
0.577822735309,22
0.528687250141,22
0.457597201628,190
0.693460324042,4
0.638030524978,3
0.638030524978,91
0.602970849743,17
0.538083164607,5
0.688438386519,2
0.524929471938,99
0.55887674886,69
0.457567453121,31
0.373121480524,183
0.904491690501,1
0.637657562327,6
0.570991251183,34
0.327768790001,195
0.714232293495,26
0.553508743332,18
0.523756134744,30
0.638171198713,19
0.483139648764,25
0.727158632473,1
0.395039912027,193
0.619792641405,2
0.563273240287,8
0.53253517497,21
0.514364597178,32
0.48915195349,85
0.616179295408,58
0.457918615601,120
0.41871878804,50
0.536086763203,64
0.520448480153,102
0.411609403275,15
0.512718868635,94
0.55682946318,12
0.702103858923,4
0.708403487988,6
0.581977417087,44
0.581030830006,46
0.508304172653,42
0.66699714928,2
0.499728919386,38
0.49050157127,48
0.595415652885,31
0.572516520577,24
0.57064429079,27
0.511844260171,153
0.725193440136,1
0.54356664867,78
0.310924934826,74
0.633351317959,1
0.630761968967,2
0.5589609264,4
0.554053884965,5
0.542918340366,6
0.516588076139,7
0.515511097492,8
0.504012199206,10
0.494467286292,11
0.490669210185,12
0.489833591452,13
0.480946685031,15
0.479970545999,16
0.474103788891,18
0.472671359732,19
0.470958940567,21
0.470865280518,22
0.4687407879,23
0.461391202341,24
0.460891298918,25
0.458958871388,26
0.4586681535,27
0.455047157684,28
0.454403456292,29
0.44894324323,30
0.447048164739,31
0.444802552367,33
0.444739272869,34
0.443005982988,37
0.441831404023,38
0.440948411314,39
0.439189045883,41
0.437649693519,42
0.436487823392,43
0.435221839919,44
0.433499404836,46
0.431330259664,48
0.424856558301,53
0.420056405142,54
0.419354872337,55
0.416941933842,57
0.480946685031,61
0.413286702259,62
0.410113194026,70
0.409408305549,72
0.408617779687,75
0.480946685031,80
0.404674182853,81
0.400434829035,89
0.400287954444,90
0.399519180722,92
0.396746830097,99
0.396491964145,100
0.395716502393,101
0.391956263809,105
0.391146904138,107
0.390779765114,108
0.388923677734,111
0.388060908109,113
0.385848372944,119
0.382581444649,126
0.382318618204,128
0.380940804797,133
0.379938570204,137
0.378627173586,139
0.377322168406,142
0.376940000051,144
0.376307776454,149
0.37609163732,153
0.375887330447,155
0.375654286398,157
0.374628189605,160
0.373527423982,168
0.372137536768,173
0.371837629352,176
0.3713217544,182
0.371152426504,184
0.371141746438,185
0.370875882061,187
0.370030710868,192
0.36762239437,200
0.466495930678,86
0.44543324975,141
0.443962601324,22
0.370084030382,91
0.349466027878,150
0.409359674951,147
0.403758127892,155
0.40124688884,168
0.595036863006,29
0.76780812767,1
0.605092266037,18
0.576238415638,48
0.590975615978,3
0.521115798625,25
0.586428478352,134
0.610476601629,15
0.600131384075,6
0.50190179634,38
0.474413302461,176
0.70616173873,2
0.615855702788,89
0.445332342941,168
0.45411709717,183
0.613670624112,4
0.613455232837,44
0.466013460194,60
0.465795329422,61
0.451638877855,88
0.447056096046,103
0.659733529889,9
0.750548484949,1
0.646848188062,6
0.782603251131,25
0.501202047205,41
0.633402081277,26
0.423984443098,192
0.507298805089,13
0.484002128945,29
0.452824861735,69
0.438153635148,110
0.436424460681,118
0.368114182587,58
0.597587548566,44
0.45365787106,117
0.819807406788,4
0.412055054519,187
0.479175757968,28
0.388100969849,149
0.70182454427,3
0.519776932826,200
0.571180462377,7
0.46300531394,29
0.345176366737,28
0.396645847214,197
0.635159717434,4
0.407745857949,174
0.584069422581,65
0.596632121681,14
0.578679456431,2
0.553753421368,4
0.605536019826,35
0.601354153729,36
0.580951010482,48
0.7152446857,30
0.382396712093,88
0.39400205464,124
0.400206724963,180
0.469748311077,26
0.598097342935,5
0.403404725233,107
0.561064925141,164
0.559546356044,2
0.502749406074,54
0.497546241455,3
0.393447150382,55
0.391197741659,63
0.406342475445,47
0.67639502697,6
0.46612035849,145
0.469249300377,165
0.83561756379,1
0.436243369612,185
0.714325109656,1
0.720021062309,1
0.647036582671,4
0.618228205387,7
0.576882320963,12
0.572145759377,14
0.569385767903,15
0.563172211054,19
0.556114889329,22
0.555628715974,23
0.553631592552,24
0.550656663452,26
0.543176990502,30
0.541974943948,31
0.536444532604,34
0.536034948702,35
0.532429708883,38
0.532154506567,39
0.525156225048,42
0.521623731742,44
0.521134238563,45
0.520403246657,46
0.517400516664,50
0.516754657621,51
0.510851588181,53
0.509550304784,57
0.508797024538,58
0.508779233691,59
0.507892266743,60
0.502756289132,65
0.502558491093,66
0.502343517691,67
0.502212863035,68
0.49870507521,72
0.497531802757,74
0.49400627054,77
0.492361074668,81
0.491855376141,82
0.490112735756,89
0.488989290089,92
0.484533568948,101
0.483978606923,102
0.483315110463,106
0.482172081465,107
0.482143909468,108
0.480883453983,110
0.479791979714,112
0.47926597415,114
0.478228783666,116
0.476707503599,122
0.475535870121,125
0.473988979393,132
0.47390858941,133
0.472430318286,139
0.47144627728,141
0.468413627044,148
0.465493055802,156
0.465239160021,158
0.464933595333,159
0.464270675894,161
0.463329251908,165
0.462507609849,166
0.462260250633,167
0.45844748504,184
0.45799545826,189
0.45601572146,199
0.333864133775,170
0.545204399016,3
0.781922285277,1
0.538328705391,68
0.500982748656,159
0.413724940103,47
0.386809844804,148
0.435368631897,50
0.419850869079,84
0.406619485994,131
0.657137054193,53
0.630070648221,131
0.470601410526,172
0.655881924414,9
0.625718088528,11
0.487966702139,176
0.703243861799,1
0.553753851059,45
0.444739272869,99
0.503792597309,134
0.662864791255,3
0.508890464438,79
0.492825976074,114
0.334451700291,153
0.328788566817,90
0.712095573397,1
0.660233925589,6
0.562776560238,15
0.545074500343,21
0.528311895424,141
0.434735341825,26
0.390954245144,121
0.38296370378,162
0.465338970452,88
0.571854334408,31
0.493967566813,87
0.583885484539,47
0.576019801785,57
0.578540056029,34
0.412136469568,172
0.576974300682,15
0.637118478314,17
0.554053884965,96
0.826968578259,1
0.509481549937,98
0.554179863339,40
0.62900922165,29
0.524413672087,88
0.393504283568,45
0.431220916494,11
0.367206961001,65
0.37007846655,70
0.360377116664,98
0.50199876011,88
0.666085882843,2
0.591485943271,31
0.628061711719,6
0.53526835974,12
0.343231574582,175
0.350414145112,191
0.622371534547,3
0.509868388461,23
0.50585515303,27
0.487942342769,30
0.47378850552,37
0.428561140285,159
0.399861857475,70
0.728313851496,19
0.640494065934,8
0.435098382746,86
0.465406126542,47
0.444027650005,30
0.429330131519,41
0.412999469208,66
0.410744725593,69
0.394382722343,113
0.385508789807,145
0.389678054994,153
0.811199150884,1
0.670153240829,11
0.5844116889,21
0.636555794738,9
0.378819278086,138
0.571309485297,60
0.564599263072,66
0.697319029628,3
0.527607678985,7
0.427971484045,53
0.417407651261,72
0.582500470434,3
0.374668050279,144
0.555564236731,14
0.541341946214,35
0.500287302868,102
0.631011156291,2
0.601941643546,3
0.584953633151,5
0.388760902714,168
0.499872699894,20
0.466591468587,67
0.36818845804,182
0.496116550901,183
0.588938512807,46
0.569467448033,96
0.559970893237,156
0.523693545012,35
0.460090096296,61
0.407151995051,192
0.394924144087,185
0.746496256869,2
0.674448400903,15
0.499020296248,25
0.572552751137,56
0.422867869634,149
0.473622596066,24
0.399673038616,109
0.585808432493,24
0.52958675488,11
0.517655930181,13
0.481353428976,37
0.455029287648,89
0.588180448356,95
0.720407846895,3
0.34443953696,172
0.822882434418,1
0.612265322711,71
0.7099042377,39
0.634097788037,143
0.760178891961,3
0.541797392239,88
0.526448487628,150
0.518342281385,199
0.610189124986,2
0.52741239823,23
0.599990807801,89
0.360945588547,158
0.402891894545,67
0.395225605206,90
0.411036841823,66
0.493350496696,18
0.640721909336,6
0.439006506877,66
0.50307962604,129
0.879696194283,1
0.548255548746,158
0.573046716603,161
0.596905656861,187
0.389845442289,166
0.50551220486,94
0.565565286631,14
0.487436046969,46
0.624212052549,3
0.522230259643,10
0.456285648243,47
0.428840503208,116
0.656243173758,38
0.567950671412,13
0.554232141469,180
0.732275124272,3
0.532230383392,13
0.820849658185,1
0.555181964543,89
0.546494327509,107
0.795426705612,2
0.691609354562,8
0.542745775712,123
0.442670320639,13
0.481494055701,45
0.614102513499,18
0.598634633654,181
0.450441678717,135
0.373943533138,179
0.6363517926,33
0.445580508744,31
0.368147597406,199
0.401038029258,126
0.357784369387,118
0.346147486243,159
0.565124481617,105
0.583453635747,8
0.601296550888,9
0.382368003444,187
0.688190075558,8
0.592192725887,4
0.401024739445,122
0.396746830097,141
0.386437626059,186
0.620449326033,16
0.69283322364,17
0.677679193934,7
0.576773764327,39
0.543868067722,92
0.509795150214,58
0.517303476562,23
0.492794151598,72
0.732771605097,3
0.64584742896,5
0.669713185263,30
0.427704572644,158
0.427357052626,161
0.424259125226,176
0.424233894482,177
0.676908634831,4
0.51471362113,115
0.431496011718,73
0.527372723445,52
0.514303220196,67
0.502930370655,86
0.501053074882,89
0.491753458329,109
0.486976118554,120
0.565627119634,29
0.515307063486,94
0.556330569574,30
0.464517591846,80
0.441210041154,5
0.381749458975,69
0.632820872991,1
0.709156258936,1
0.546053685118,26
0.507211176285,81
0.773263487639,2
0.566590706527,51
0.703919590808,1
0.516463723278,69
0.601515268352,16
0.40681255455,25
0.367423342797,152
0.757576484763,2
0.574675960075,76
0.544276633306,58
0.547369722674,55
0.561072473274,140
0.659436811964,6
0.628500717116,6
0.660314768892,98
0.622913169369,186
0.571412235828,87
0.608680837643,32
0.588495817207,58
0.710771556143,1
0.564154494493,36
0.534265206027,80
0.525792915462,105
0.358945585051,120
0.578603381395,6
0.370324090074,77
0.653162685185,3
0.376102833506,155
0.514110321422,58
0.483078755737,90
0.672743355833,13
0.618826691427,38
0.536809544797,21
0.53300444044,27
0.504772637955,64
0.408260756801,119
0.496686412099,40
0.686353122352,15
0.541694435416,125
0.522532723855,189
0.373667247958,73
0.366278607777,98
0.631790059072,18
0.493769622705,179
0.515016729683,52
0.660772223717,1
0.536606856947,24
0.505006953258,53
0.500604304801,61
0.440078524772,105
0.590931462579,2
0.457395650235,18
0.449019931404,22
0.448205546311,11
0.371043690598,98
0.538557880939,182
0.65567535433,3
0.533804951722,39
0.547279380967,27
0.669102262067,3
0.564690206456,10
0.526203606334,28
0.64358424431,27
0.49898203037,43
0.600000383833,4
0.569617211573,7
0.503438471531,16
0.439941681477,89
0.603604499831,153
0.59334975458,194
0.497556333953,125
0.317782181631,135
0.547214871608,188
0.612360822349,7
0.554502697456,19
0.528867236538,36
0.481046358789,119
0.422508845028,52
0.420756921969,58
0.462738725843,47
0.657117649604,31
0.441884703068,130
0.441077926928,68
0.4379551971,74
0.418197543755,113
0.407381818645,150
0.698988553722,1
0.557883388542,20
0.513890324098,59
0.494850150852,111
0.626425578308,4
0.537608652096,21
0.475373563012,80
0.462309175027,126
0.454520909965,162
0.626565559093,3
0.513640796454,168
0.518782478911,35
0.51061260606,44
0.606966530258,10
0.540733734861,80
0.394715698851,173
0.624940166235,17
0.394060498986,176
0.446015184242,25
0.375591484013,155
0.37116375143,182
0.58445232024,2
0.598222332736,37
0.414813528182,106
0.54766123197,35
0.528926389976,75
0.693593758073,1
0.468589607297,21
0.836519926956,1
0.557508561314,14
0.5099083125,15
0.601486423464,30
0.434839479246,200
0.476122229171,52
0.468022793454,65
0.702300131915,34
0.68292319004,2
0.550581007716,180
0.77847324355,1
0.708581382024,4
0.425480851151,91
0.415131929836,137
0.711082753042,3
0.649095123862,3
0.614149004873,6
0.728671344854,3
0.497406456553,82
0.632429194302,3
0.454128584068,32
0.422112840119,99
0.409710941847,139
0.579234050071,33
0.561766603039,56
0.615129060217,13
0.72861530611,3
0.67074011744,1
0.439296536236,21
0.369501491538,145
0.663874738485,5
0.407893336345,153
0.653587150458,2
0.640598580157,9
0.543634681248,137
0.39861149193,148
0.400856313522,123
0.339287136338,151
0.392782593913,61
0.561507182154,23
0.491479185464,112
0.42433317099,20
0.377605175398,92
0.497076719862,96
0.627295092303,20
0.54623686553,7
0.397789053872,165
0.39468170223,178
0.583772943521,109
0.56133021831,159
0.555079556871,3
0.50364822379,200
0.615835451913,26
0.686353751241,4
0.615429379091,13
0.668257105777,6
0.601888536697,34
0.521111951032,136
0.621076869476,16
0.729687902284,3
0.609133934562,29
0.599951508178,35
0.3327670394,92
0.461952060728,190
0.483533638746,33
0.429036736237,173
0.748491617087,1
0.499741489713,123
0.662024895574,11
0.491958493718,23
0.478537471656,42
0.476413784694,50
0.644541048938,1
0.572813676632,11
0.609976129859,9
0.651165046146,3
0.447947913668,117
0.460383142108,110
0.459938534678,111
0.60876839125,19
0.494717385019,75
0.63724525543,5
0.534272332177,57
0.622803368546,17
0.497197807485,32
0.509502571576,40
0.678311875916,1
0.662209158093,2
0.584413812448,43
0.501565758958,96
0.535488514247,123
0.414947207955,98
0.490980071789,141
0.480946685031,130
0.585785315705,11
0.4586681535,80
0.59329170158,76
0.728857671758,3
0.744095340315,2
0.615076363075,4
0.604263114864,4
0.496960780878,195
0.499118803417,33
0.413417247751,153
0.589239865742,34
0.587134449092,37
0.426295717731,50
0.373771330977,149
0.408309323548,146
0.537740165928,17
0.559654428538,61
0.513262062878,133
0.505907315538,148
0.541572515812,92
0.698881414112,1
0.374821232687,31
0.515393784132,94
0.554791435966,6
0.538848491654,11
0.473804136498,34
0.702370516821,1
0.475097985839,29
0.747630840894,1
0.495515892994,118
0.461147096361,64
0.641462482378,3
0.615212546627,12
0.544587029945,72
0.592451722511,13
0.494297900413,19
0.418243889083,105
0.394646414488,166
0.338477918129,139
0.45838483068,7
0.40490445208,184
0.527649058114,19
0.432048862948,97
0.378076349521,173
0.467279946581,110
0.460578624772,146
0.473574741901,174
0.525678587909,127
0.513920295242,133
0.521747442922,36
0.612091222761,13
0.55362231508,66
0.697603912704,7
0.356768873258,69
0.579303789048,33
0.548330449629,79
