0.495272374719,52
0.487949719075,65
0.675209860195,10
0.61338973553,45
0.561656530998,175
0.647730087023,2
0.63696101185,7
0.611095925311,14
0.606909388933,15
0.594846669861,22
0.559547575033,136
0.794763121669,1
0.631790059072,27
0.600714336608,64
0.435014089258,34
0.788655809052,1
0.653397742934,4
0.552718638036,2
0.482567475746,15
0.446551844057,39
0.415863542912,72
0.413290143693,82
0.409368754636,89
0.546985490293,7
0.541420769058,8
0.405249134215,78
0.392385837586,114
0.605523909196,4
0.711980192595,3
0.596117042258,23
0.50977464343,162
0.402069576016,85
0.53384977158,37
0.525990213733,44
0.470630883686,158
0.621414828342,92
0.545205075179,15
0.677482401654,3
0.593436623858,50
0.636340922445,12
0.605045310507,22
0.436102163638,92
0.412231824558,166
0.7031309134,1
0.639147720873,3
0.638171198713,4
0.590700544399,19
0.569723578523,54
0.565086707905,62
0.542745775712,139
0.540557901134,156
0.537332434447,168
0.594271160772,3
0.508146915497,24
0.62330988798,3
0.376897996501,180
0.449909132546,45
0.448597124753,50
0.432407656547,75
0.426238946367,91
0.422669213364,98
0.407536996605,142
0.40441255795,153
0.399503484939,175
0.566242751046,6
0.516197186082,28
0.51033262087,40
0.507192237412,44
0.483231056545,82
0.48044345512,91
0.46724723158,128
0.46516432734,143
0.459492248883,168
0.453731355566,191
0.452234662842,197
0.389718833629,176
0.386954199478,194
0.732180655727,3
0.542728421983,106
0.759659397712,3
0.635068273274,17
0.48186019534,16
0.457620923328,22
0.417276549608,52
0.780640420278,2
0.554791435966,10
0.504287738176,20
0.439296536236,49
0.575564545184,17
0.541642586137,43
0.664004958806,116
0.660504724861,3
0.639840764957,9
0.629428101133,12
0.784824416051,1
0.464010314046,115
0.805503923711,4
0.772758089258,7
0.537608652096,76
0.455293911775,103
0.5349068335,85
0.49486752791,166
0.485864699847,28
0.668881521267,4
0.625030492105,10
0.614248678635,13
0.575777086663,33
0.572638750246,38
0.55281640619,58
0.550494119122,63
0.54136075046,76
0.514883859463,138
0.514382792072,141
0.499914695697,184
0.496976290582,194
0.466756290007,20
0.462175129938,23
0.447659286231,31
0.446484576724,33
0.441883167991,37
0.434235904302,45
0.4255384173,60
0.42492851557,63
0.414080566172,82
0.413851169678,83
0.412676582129,88
0.410100798265,98
0.406943948167,106
0.405118075572,110
0.400791681918,125
0.399809924259,128
0.395697506477,135
0.393691485528,140
0.392247722582,146
0.386692116379,169
0.385177724311,178
0.446970528771,156
0.335981472987,132
0.383407775454,45
0.708403487988,1
0.750822993455,59
0.44592993776,40
0.609685915585,32
0.422531268109,146
0.505398824161,85
0.473879986226,172
0.657336771123,3
0.50875948534,48
0.350110077554,143
0.310402936557,188
0.361483758727,58
0.536453743263,76
0.53159123879,3
0.394148149045,113
0.412666594698,53
0.502671656179,50
0.545948741223,2
0.521574445694,5
0.521025279765,6
0.516415651764,7
0.499602229545,9
0.484419840298,17
0.460600700499,25
0.445780975334,33
0.432149532524,46
0.425518380346,58
0.423081748191,63
0.416165543017,84
0.415325809917,89
0.404608877636,140
0.403665147058,144
0.396990402028,188
0.454590754416,139
0.333974926715,183
0.603493284069,5
0.53699170537,16
0.511600734869,28
0.491993202534,60
0.479627712756,88
0.596486761618,11
0.505470698122,63
0.39141924578,75
0.380145337073,110
0.371671732129,145
0.55710564006,147
0.350296637842,168
0.645974757121,2
0.595843614225,5
0.492327617377,175
0.7437130304,1
0.639568962392,5
0.627541198583,7
0.554058401167,12
0.723836461689,2
0.421136084271,99
0.50050129818,40
0.481127493766,53
0.455128563543,77
0.442944705828,94
0.427389193965,122
0.427349906748,123
0.451309662711,117
0.635522306977,4
0.539957824,25
0.501765738553,40
0.460717023257,82
0.63724001981,2
0.529956591688,7
0.674970466986,6
0.72861530611,2
0.511865093419,26
0.473519613924,60
0.447041688775,104
0.590442795299,25
0.680957420857,1
0.560478835088,33
0.439426593328,31
0.40910157897,65
0.488303699071,62
0.583453635747,147
0.426828004943,39
0.400464003068,99
0.379551950904,190
0.497991145837,9
0.392695699585,51
0.52496971642,12
0.453277923867,40
0.553380453849,4
0.500784121622,18
0.447565155197,117
0.494818124173,89
0.702300131915,3
0.702103858923,4
0.652150142466,6
0.639529591771,8
0.659733529889,4
0.647018037424,5
0.64189594241,7
0.530554224608,62
0.470722867546,194
0.469864723387,197
0.6962072839,3
0.609858486496,11
0.512021087168,49
0.505651102838,63
0.507838419037,3
0.487942342769,4
0.440649956707,6
0.343525163003,114
0.355269901493,175
0.534992561623,7
0.809464511367,1
0.50199876011,21
0.486310899717,27
0.590103702872,15
0.54766123197,19
0.502059878104,35
0.475655493489,50
0.564154494493,6
0.529996342675,12
0.454205542014,76
0.431040956814,136
0.428320953983,150
0.428072574278,152
0.542208655832,181
0.663675044205,8
0.613828684582,20
0.572290421248,56
0.62038420043,7
0.52195174577,21
0.697275367533,3
0.68070326917,2
0.616948814317,110
0.791870172951,3
0.602740015646,32
0.516866224089,4
0.418219706229,39
0.382212167027,93
0.540733734861,14
0.529724304327,27
0.526815890744,38
0.455978794172,61
0.618083774285,3
0.765331432394,1
0.579077893926,3
0.497197807485,10
0.404080776961,49
0.508830873161,17
0.645623692807,14
0.637681842047,20
0.630839636512,21
0.625882299022,25
0.624296371607,27
0.62231295096,29
0.621908557581,32
0.621097417244,35
0.609234817558,53
0.603800547548,62
0.590811305588,85
0.588323444889,94
0.578181927232,120
0.574457195745,140
0.574013664767,142
0.571579482581,147
0.567559038717,168
0.565508689593,183
0.4152993535,174
0.716935678814,1
0.704205523039,2
0.620236763412,31
0.62365731215,100
0.618626725896,160
0.818123850396,1
0.704080546604,9
0.725193440136,2
0.675956716585,11
0.339156936283,102
0.616051284851,19
0.615129060217,20
0.605205387413,38
0.519776013193,12
0.506096735962,21
0.648721784836,54
0.595344120056,23
0.466931018971,82
0.836519926956,1
0.652760430437,4
0.836519926956,138
0.563144621707,41
0.553615715178,67
0.572977862618,15
0.506126965631,30
0.456506425114,55
0.449865166751,69
0.554041511224,24
0.461163559555,98
0.448867411725,141
0.637657562327,2
0.451422667995,180
0.409132078743,47
0.566656165207,6
0.550869538724,8
0.466122409915,118
0.462813481371,67
0.449353626635,100
0.506388149829,15
0.634786584246,13
0.585808516099,49
0.467074627098,23
0.60409383868,10
0.589319130339,20
0.572075094899,47
0.571785439517,49
0.559032227288,87
0.558631022079,88
0.549275397531,120
0.492065119499,86
0.517437801867,77
0.364860471086,109
0.751957945872,1
0.633656898368,12
0.788750765746,1
0.520812202947,140
0.338383244636,159
0.523721902665,37
0.520958397265,40
0.4946636355,83
0.49265706172,86
0.487967861086,92
0.479960319114,114
0.475166126968,131
0.473635228476,139
0.469009808992,157
0.467535706346,162
0.485392577039,40
0.450925315951,101
0.443177421788,130
0.428277460935,53
0.419708451146,71
0.40352867027,153
0.550156716289,12
0.545175887745,14
0.510815568767,23
0.492701834358,41
0.483693700487,54
0.470847016656,85
0.465618682042,108
0.461473714038,120
0.451442114486,159
0.445104890103,185
0.547943349532,36
0.537652338942,49
0.516587052285,117
0.471033574362,22
0.369557352208,147
0.63852694069,7
0.58244438304,17
0.547435780478,6
0.360239992572,152
0.634398391457,3
0.778736670048,2
0.649088675015,11
0.593562728704,23
0.671209490456,4
0.384624677416,108
0.644541048938,5
0.60753784215,11
0.53605327736,49
0.470601410526,126
0.454961173091,180
0.67023501695,4
0.660438257333,6
0.650723738072,9
0.648622191992,10
0.647250570904,11
0.635375516637,16
0.635159717434,17
0.571412235828,66
0.529715174518,141
0.52901013645,142
0.600350147552,21
0.594441659275,109
0.469872060509,6
0.633228876207,2
0.612024620901,3
0.56260005023,32
0.550276469224,50
0.661984697121,7
0.550592919822,71
0.564599263072,19
0.715563403742,1
0.700937813291,2
0.532668608574,26
0.511110760336,42
0.485238272102,74
0.476787831725,85
0.612439171605,146
0.44586601699,34
0.392615779611,113
0.722186991648,1
0.673849147436,2
0.625057694265,7
0.610159491334,10
0.568529449122,25
0.564473811076,28
0.563909498289,29
0.550447901616,38
0.528397846378,58
0.527318796504,61
0.514822051685,84
0.490565207664,140
0.476739721747,179
0.471316833807,195
0.630527106724,3
0.450803230238,120
0.435989583407,30
0.636689594204,29
0.451435771669,87
0.640721909336,2
0.579795140021,11
0.505932804258,40
0.473699701646,180
0.53805439561,51
0.380154969348,143
0.67996375844,3
0.671500086582,5
0.755301584435,1
0.622803368546,5
0.528926389976,20
0.478386230107,42
0.432651494434,154
0.525673931967,60
0.491805874825,21
0.486795129982,27
0.47612471445,40
0.459413288872,80
0.479533404995,23
0.46043481984,48
0.455024478268,53
0.431663216401,106
0.42407173362,131
0.416760384115,161
0.414981366716,174
0.42498751198,31
0.390017201024,82
0.377121419111,144
0.375394331885,149
0.369602531292,189
0.422361861981,10
0.419623960261,12
0.400519414583,23
0.389781050801,29
0.372302646202,60
0.503122411938,25
0.709317382215,5
0.421962120372,184
0.610476601629,3
0.56927950816,8
0.476437680482,27
0.365270372321,86
0.450512413056,26
0.437641171525,10
0.467380238153,96
0.576079970247,20
0.512702812152,93
0.496399750623,135
0.677954244229,5
0.728671344854,3
0.511373710435,35
0.646157896299,7
0.625718088528,15
0.621076869476,21
0.615636451235,28
0.612091222761,37
0.607823324862,50
0.605750947887,58
0.733388891196,6
0.418839501352,87
0.413797707227,109
0.406190297564,155
0.402358942971,188
0.372196663547,57
0.482889830517,53
0.722243631264,2
0.626005944142,12
0.836861798311,1
0.772029191802,2
0.676333155925,17
0.452170265807,171
0.670434527185,4
0.64315511392,7
0.545159150672,67
0.742289045328,4
0.671681101721,8
0.551539781555,13
0.539204301008,21
0.520268662016,37
0.515549988997,41
0.487659471251,65
0.472945893352,95
0.687520171624,9
0.653162685185,16
0.587598903776,69
0.673434849904,2
0.62984504611,4
0.603840416584,8
0.590597115605,11
0.584074355992,14
0.569029007255,16
0.560649642646,20
0.554145564658,24
0.525792307835,49
0.52047318361,58
0.492988734592,121
0.476693745642,194
0.395062454686,146
0.392794494413,159
0.654853416023,2
0.615787932394,3
0.50504441993,11
0.44390133788,38
0.422283659539,64
0.404884258427,117
0.732275124272,21
0.729579116388,24
0.545703925824,74
0.565258029609,6
0.502319729257,27
0.484487181767,50
0.656957442416,42
0.608727235531,3
0.497862370568,29
0.603065471608,3
0.574018217039,5
0.392649679392,79
0.557721147706,60
0.662209158093,4
0.770059423978,1
0.695036037416,3
0.56593499717,26
0.541567470827,46
0.511607509887,4
0.43596357886,14
0.355638026638,173
0.517727137628,67
0.686129183823,8
0.591428809392,43
0.589043447063,45
0.531246210568,185
0.621210526477,10
0.379225373434,118
0.711082753042,7
0.69007335049,9
0.659436811964,11
0.630266956372,16
0.552766399138,42
0.530707738759,67
0.51906203011,89
0.555850993367,28
0.76780812767,1
0.542095481853,82
0.627369317613,6
0.589556350739,18
0.539534610169,49
0.53334169598,57
0.504144446147,111
0.487599064004,148
0.487140820784,153
0.476651757317,186
0.574197749352,13
0.378148616643,110
0.441463224558,76
0.405697380916,56
0.753577926213,1
0.678412935415,4
0.470811782075,16
0.397056129979,178
0.534396911767,22
0.528385998154,26
0.750548484949,1
0.63968724812,18
0.631219208411,13
0.628857920573,14
0.615835451913,18
0.604705729769,23
0.585418837216,34
0.530656252968,93
0.529885970887,94
0.528353849864,102
0.515163977188,134
0.51158102476,145
0.504679821405,170
0.504322935384,171
0.628162093781,10
0.599164435368,17
0.528451344998,135
0.58771551792,20
0.630077010178,99
0.623269505396,191
0.535255103252,44
0.752704355316,3
0.493350496696,11
0.483409730329,13
0.46934219509,16
0.551833935583,96
0.601602999231,5
0.558136325293,28
0.536979118206,51
0.513496372347,93
0.490775835488,148
0.498785955136,61
0.621592989773,7
0.578603381395,12
0.553277977308,18
0.551852418908,19
0.550164266047,22
0.529647381597,34
0.523756134744,41
0.518740282173,47
0.490066270496,100
0.489330319601,101
0.483394209753,125
0.361067260037,83
0.578879156154,19
0.518438238548,130
0.632628715122,3
0.483346403212,72
0.489584218449,44
0.483078755737,59
0.438912976369,58
0.403443247835,195
0.373816471394,43
0.404189734911,176
0.669102262067,5
0.440187450795,142
0.615690893171,2
0.58820816581,5
0.512618752365,39
0.499998367854,51
0.691258018008,3
0.487123181255,59
0.408679996885,73
0.37991666684,166
0.469126141101,14
0.323710601554,199
0.400407221136,196
0.462055702919,62
0.448755208313,96
0.5393881053,30
0.530044133119,41
0.615808386498,8
0.577781056644,50
0.595682889937,23
0.58081965739,33
0.565877077801,51
0.544276633306,84
0.528932400403,112
0.523150443864,133
0.509795150214,172
0.504398548655,192
0.449332546439,28
0.412002713125,111
0.566577312523,31
0.566475695263,32
0.545138639131,57
0.471090163395,43
0.584180964906,20
0.576033170504,29
0.649339209722,14
0.629326104021,24
0.583513873553,49
0.560742989592,88
0.765147595293,2
0.634303937057,8
0.513235699795,110
0.485802960493,172
0.535839293231,148
0.53364259076,159
0.472504761482,65
0.520276964319,65
0.739170528115,5
0.769886290184,2
0.501806437882,38
0.383471314183,109
0.612362985895,62
0.712133266887,3
0.66687782702,6
0.656196333158,7
0.620478224803,14
0.548298336589,65
0.546013872351,69
0.542539644215,74
0.527083110243,98
0.519797202939,124
0.513972452265,140
0.503403194153,182
0.501589328807,10
0.500784783362,11
0.664446281398,4
0.56576741093,14
0.46013569646,188
0.453854896629,19
0.419847216615,53
0.409300545959,179
0.675304606345,2
0.545404042864,52
0.781297048915,2
0.77590994104,3
0.641032325464,25
0.569410254402,61
0.428687469898,186
0.561072473274,2
0.455177747385,30
0.454094576873,34
0.674435651444,2
0.561517885933,29
0.547807945975,35
0.469087434977,136
0.539371616202,8
0.519565917069,12
0.467761547795,56
0.548116943792,41
0.80507911607,1
0.640469578714,9
0.609787671843,12
0.601245426881,16
0.551718965382,33
0.322571992382,92
0.450551786781,39
0.390265553096,167
0.617587625097,14
0.552151676296,1
0.548959524511,2
0.516222613995,4
0.491367889091,9
0.480656235365,15
0.470802728117,23
0.469380239731,26
0.432883973349,91
0.422015792529,144
0.545559041521,193
0.559955120084,37
0.513707350307,105
0.493254263743,166
0.624212052549,2
0.597769678901,4
0.581515968099,5
0.562776560238,7
0.49893132802,33
0.360836970251,63
0.571309485297,11
0.54538399826,20
0.536809544797,25
0.680868585335,3
0.570968252023,25
0.400365142392,111
0.56694676103,11
0.503772885229,36
0.594907702016,78
0.604298344104,57
0.599943889164,67
0.588180448356,103
0.586428478352,113
0.540092481817,7
0.538243204765,8
0.520330051606,10
0.436650820329,45
0.777846120863,3
0.60866838043,66
0.66699714928,14
0.538052640589,65
0.637118478314,4
0.495810651539,85
0.708899611461,1
0.687459705956,2
0.597934979888,7
0.544553411982,21
0.531206951826,30
0.515696973517,40
0.551650844786,9
0.452010458411,132
0.569566098185,15
0.430411975923,124
0.3739820812,115
0.361877660886,179
0.649502596689,7
0.463462529617,35
0.623199991225,15
0.588703727519,25
0.56912551212,33
0.567931706903,35
0.566245802834,37
0.546368556502,53
0.498902521223,120
0.582761850467,3
0.565322823456,8
0.559546356044,11
0.508340864264,21
0.486142470036,30
0.467350604488,48
0.695855333371,4
0.660233925589,5
0.522230259643,32
0.519377982754,34
0.429522742261,162
0.5739452812,40
0.572314158331,42
0.702739385036,3
0.669136849336,6
0.656938184291,9
0.640598580157,12
0.618826691427,15
0.603129813837,21
0.602467180799,22
0.52576315075,76
0.505350330097,113
0.486517773722,162
0.454402124713,48
0.743883766274,4
0.692505544288,11
0.597566219267,68
0.555111043852,133
0.554547348045,136
0.623388235917,9
0.832866024665,2
0.444514251552,24
0.377855431101,73
0.376513828889,74
0.63660202513,6
0.393012133702,145
0.658426222786,18
0.65699937072,73
0.700619742883,10
0.584139619648,83
0.540187367416,10
0.495921804738,36
0.534177801723,122
0.454523057392,152
0.452081440567,169
0.494303368621,112
0.442750376857,72
0.498873488742,15
0.751301223862,1
0.665478117356,6
0.694990768233,3
0.469911903589,26
0.662024895574,10
0.614102513499,36
0.603884468009,12
0.493252610384,13
0.386506294543,139
0.364063688795,124
0.724371506214,2
0.566472987979,39
0.51759969269,5
0.605671740777,5
0.477807872609,97
0.605948143922,3
0.571009818096,7
0.544329456054,10
0.515033327274,15
0.508510330597,19
0.496521129673,32
0.459238729016,83
0.405687205573,19
0.329562633766,130
0.744428088017,2
0.667692405219,1
0.472211367092,76
0.445650095462,24
0.732909808845,1
0.698187713336,2
0.676134758387,3
0.671891570184,5
0.661940788218,8
0.649061362609,12
0.64802445782,13
0.634028422666,19
0.624500505729,22
0.611422257459,30
0.611248592075,31
0.607187459947,35
0.596524069336,39
0.573245839126,53
0.557713071844,78
0.411609403275,48
0.511641310735,14
0.505541291303,19
0.416371825039,22
0.615863760157,12
0.598843997719,15
0.559837455684,27
0.527337922795,41
0.514296120337,48
0.46725953501,131
0.566212878399,94
0.563781179069,108
0.553141000197,185
0.552826968903,187
0.691750883462,4
0.554354515962,12
0.672408632251,5
0.656909679468,8
0.627467806442,12
0.615951081204,14
0.585699966513,21
0.560470675533,43
0.558157874174,44
0.54041316819,62
0.496479555849,168
0.495181514663,172
0.52145449444,93
0.450212142178,115
0.447627113245,136
0.678488589938,4
0.528867236538,91
0.600641323216,49
0.678904745192,1
0.651005727445,3
0.627813186134,4
0.613674580022,6
0.601281587308,10
0.545544222618,34
0.545045798931,35
0.487435839305,176
0.48348868192,193
0.652164000162,1
0.651165046146,24
0.864050070865,1
0.483797063712,66
0.562606172666,3
0.487895210538,7
0.480136113106,10
0.434765493348,24
0.688729627381,6
0.654587195583,8
0.642517958458,13
0.637455250489,14
0.6106467354,31
0.603884251129,32
0.585955368644,40
0.584069422581,42
0.536904434459,76
0.516067078066,122
0.487813637165,136
0.483669310097,155
0.479852496035,176
0.535731972602,71
0.435582415348,23
0.388152162262,98
0.620449326033,5
0.755512524835,1
0.580567763242,19
0.511126776306,5
0.473622596066,23
0.565705168618,18
0.521165730602,37
0.479908018454,101
0.60738359924,13
0.417555111743,112
0.416841006223,60
0.543261784916,125
0.408772745261,182
0.437173507426,75
0.601097710986,60
0.589239865742,39
0.584233148251,43
0.583506383001,45
0.521241443797,178
0.497407717807,55
0.543547121428,55
0.52517315115,93
0.377113425713,120
0.364719979655,187
0.550011091178,49
0.85862825197,1
0.762850232828,2
0.58743706805,54
0.591713937445,13
0.534272332177,133
0.636809523219,26
0.615247925116,43
0.576195871456,97
0.820849658185,2
0.781922285277,5
0.555176358939,17
0.497670099967,79
0.697319029628,1
0.754005581229,1
0.615778189109,22
0.532804886447,16
0.521386614968,28
0.486268407176,111
0.485390817837,60
0.446822347117,148
0.662716273444,4
0.520160915511,102
0.475729797838,16
0.529828765837,20
0.47374879099,164
0.601486423464,7
0.56306847502,14
0.478206825648,44
0.519332514053,27
0.467678758652,53
0.674673407924,3
0.624513255979,37
0.556758618576,178
0.468528221535,11
0.461416146501,19
0.457754249114,21
0.436985542777,46
0.747882314575,1
0.615171801785,12
0.612927077771,16
0.596478211219,34
0.576289590836,70
0.678393989851,15
0.600206913538,6
0.632820872991,1
0.486756472275,19
0.682447543068,11
0.596978879803,148
0.547279380967,6
0.500709817047,19
0.491408858838,25
0.516679478788,15
0.511071747239,17
0.467673319997,47
0.416774076103,167
0.605663791298,12
0.597075849992,20
0.5692626882,54
0.73048135096,1
0.574368198782,10
0.697001297908,1
0.528962701876,61
0.498384950475,124
0.711382872454,1
0.580244098724,5
0.447370706676,163
0.809165333593,1
0.592087049672,12
0.581451868082,14
0.541930726025,24
0.541342041073,25
0.461941265779,127
0.461941265779,164
0.447484411449,173
0.335580180289,200
0.334562252041,199
0.687147015691,6
0.734760751645,2
0.658564484653,30
0.528038045218,21
0.702499118829,1
0.552351769836,11
0.412202141568,183
0.456309346744,34
0.437577558923,63
0.40208476472,195
0.611897430038,13
0.607484950783,17
0.556914192126,80
0.415186352375,190
0.736754621747,164
0.372964696868,121
0.594603216036,172
0.453519092008,91
0.586025863065,8
0.543499824395,13
0.503745172473,20
0.471388162669,28
0.45035006961,41
0.409464560636,96
0.554977818342,123
0.79160325791,1
0.780056881808,1
0.72858872525,3
0.67601439565,7
0.665532564306,11
0.653370886613,14
0.640720685405,18
0.620081655699,24
0.527447961073,98
0.518642450205,111
0.505431330961,146
0.578679456431,11
0.437356114319,59
0.370655439353,157
0.584486835187,37
0.651292010352,6
0.453778661855,197
0.502850126715,34
0.492280088725,66
0.491930085563,67
0.71787494266,2
0.662864791255,3
0.701330795085,2
0.526203606334,55
0.582500470434,12
0.580126580418,14
0.522774404729,12
0.471056290205,64
0.52924487269,35
0.400211459497,133
0.678207168556,3
0.616573500163,20
0.60548136395,28
0.603404251112,30
0.583099798129,75
0.57644166144,108
0.571402522515,141
0.597009816242,4
0.564690206456,7
0.562004156932,13
0.488851207422,58
0.48280492707,74
0.453422765388,143
0.610083861484,8
0.606085453698,9
0.591443114828,12
0.550981925944,76
0.6427835033,8
0.637334464575,9
0.62132388711,14
0.615374200979,16
0.561226757521,46
0.55678214293,57
0.555775309777,59
0.529838820226,98
0.523204702985,112
0.513890324098,135
0.499366431329,187
0.748491617087,1
0.694066856025,2
0.628863336699,7
0.643351450214,3
0.564613668327,14
0.56466677009,34
0.498392633132,141
0.405921889279,10
0.340013268754,96
0.589339695416,2
0.461635807005,159
0.573721475455,38
0.388858518467,25
0.601990789415,2
0.561081207758,5
0.501169984636,97
0.490710771504,154
0.56692752704,22
0.518230353739,89
0.35759052818,143
0.406725972423,64
0.39828528936,83
0.393541032537,99
0.38064777499,162
0.648811458429,2
0.60364798084,8
0.597047948456,12
0.585808432493,14
0.575605752283,20
0.548635044853,36
0.544091401762,42
0.489065128693,132
0.713328658795,5
0.745594324401,2
0.6853345775,28
0.401527203597,131
0.728333343746,11
0.731612378815,1
0.672272796043,12
0.540003348082,10
0.473807396679,103
0.455794939574,139
0.613826768011,4
0.58084780139,30
0.468465274652,28
0.543634400348,22
0.452821650525,166
0.826763342611,1
0.623756827176,47
0.557814295801,172
0.611786824919,11
0.58245825316,26
0.552614781829,66
0.601023328986,1
0.515412714478,41
0.476001045418,29
0.465622028936,40
0.699000784242,8
0.57263497687,90
0.544027927563,25
0.508291783689,68
0.690603790518,3
0.561661905922,5
0.480197111128,14
0.444439537818,24
0.440091417637,28
0.433169961704,36
0.432324139838,38
0.428339284158,41
0.392399550991,107
0.627853678792,13
0.541028732266,32
0.319989365133,112
0.423363987608,160
0.502970325796,150
0.38292037671,77
0.548505842377,33
0.530680566314,64
0.512829327685,115
0.74912354616,1
0.682476421225,3
0.625720565708,5
0.595659785229,9
0.565341214081,23
0.564793399749,24
0.547847817419,32
0.540442217016,43
0.536716676247,48
0.727975852035,1
0.651362828002,4
0.520697485156,88
0.506012795523,134
0.472075567197,65
0.680173951909,3
0.641727941887,9
0.622438594922,12
0.598671795356,15
0.576392204223,26
0.561989275692,36
0.543534217011,50
0.543255090033,52
0.528305113867,71
0.510288264162,95
0.35669239942,192
0.762791978136,1
0.717586422956,3
0.628609534854,10
0.526622653622,75
0.497059274302,11
0.427316508568,77
0.367755029614,46
0.410239613655,76
0.519561008317,120
0.396664111348,113
0.389576775018,134
0.348733865491,139
0.523099142361,21
0.703854098622,5
0.613681569649,14
0.516612530936,63
0.571743613193,2
0.409621391584,30
0.594999786365,75
0.505615551059,13
0.568316463059,11
0.543186668465,25
0.520766914171,79
0.508512470255,121
0.631578316709,6
0.482770611663,118
0.553210623109,28
0.521328052804,48
0.517655930181,55
0.47161212157,165
0.616385144186,2
0.423810371089,32
0.536373827375,43
0.464204678986,16
0.414351745957,78
0.469550681032,5
0.423295323393,14
0.411332148251,20
0.594674468928,190
0.555671446029,123
0.761099319588,1
0.632440243061,8
0.413780098068,130
0.479420593903,95
0.68292319004,4
0.612265322711,36
0.775850573405,1
0.733161350282,3
0.450524096984,83
0.795465876147,1
0.581326781453,10
0.543550943091,21
0.446099654557,136
0.554639446802,10
0.468644789462,58
0.514302879637,61
0.490552898832,132
0.492490063609,34
0.547101639321,193
0.54030953965,33
0.527730982049,48
0.723970543343,2
0.624587826846,9
0.612712056721,12
0.610348379142,13
0.598326129695,20
0.573538202744,33
0.572010909962,34
0.527063014813,74
0.504944825742,139
0.554426564268,61
0.527737083132,11
0.585508564932,136
0.437808453424,29
0.57364625003,13
0.488045730657,60
0.466554060845,101
0.674908028148,3
0.65922399743,6
0.651485447419,7
0.648477469449,8
0.619537275842,10
0.571472257479,21
0.566430290634,24
0.564191033472,25
0.548498936863,34
0.523432024211,56
0.4732713816,137
0.467837052192,160
0.463000836406,181
0.794401997658,1
0.600385766357,14
0.352530191858,145
0.543555667457,8
0.666430107516,8
0.537764176095,190
0.741198934583,2
0.594480104699,5
0.590352856926,6
0.585790607004,8
0.498726204799,26
0.498058697449,29
0.675000283562,5
0.674218504719,3
0.660004602784,15
0.51608302711,34
0.513705169917,37
0.496017960509,80
0.490510880494,104
0.487976215956,113
0.485235480957,131
0.475891549284,179
0.712095573397,3
0.534675226776,27
0.485589016862,85
0.590017997197,3
0.465623898168,46
0.486025737935,110
0.377433258047,104
0.373195999943,123
0.57332637432,142
0.544515030168,22
0.488067109305,107
0.69844146062,7
0.580370038503,85
0.559132987962,156
0.557572572944,163
0.757373261325,2
0.579284778788,5
0.472691018898,89
0.772277037264,1
0.74756782829,2
0.460214903528,59
0.727158632473,1
0.697072187837,2
0.669632606316,7
0.623998258039,13
0.545030457257,56
0.879696194283,1
0.826480871424,2
0.534483801131,8
0.497041344372,58
0.488591935067,99
0.478553812302,175
0.565984947233,30
0.394534074721,45
0.369099908031,135
0.366144893011,147
0.442913759691,19
0.576209874419,14
0.514110321422,63
0.477150141081,157
0.492327617377,22
0.822882434418,1
0.613773119061,81
0.473515656698,9
0.548647586981,9
0.536746651305,10
0.533826744434,12
0.525198234596,16
0.497315817903,25
0.48567494711,30
0.456311853977,56
0.415862140655,162
0.678431929898,3
0.568253016067,9
0.548976655866,14
0.528974511739,17
0.506558110727,26
0.474662548668,38
0.470561797917,44
0.469703180363,47
0.424884437515,131
0.41735725019,158
0.687296311369,2
0.521136422175,80
0.608635824077,42
0.478323443729,47
0.567084525757,2
0.475394922122,118
0.545697970943,7
0.443962601324,95
0.441464794266,133
0.640494065934,5
0.63151776238,9
0.483138315436,139
0.58371046204,27
0.569034702098,51
0.508380330425,9
0.503608086051,182
0.729162570791,10
0.802721005106,1
0.409017101755,74
0.502878872263,113
0.484390801484,154
0.660578787734,7
0.645814573864,10
0.620240766497,17
0.635993058126,5
0.657195700618,5
0.647148794731,9
0.627078743513,23
0.612796521084,41
0.609862215554,45
0.609114111144,47
0.604308456979,57
0.603559536166,59
0.603238827388,60
0.579242283283,140
0.577932314141,152
0.575235443146,167
0.685136925276,4
0.589346719181,18
0.579663394725,21
0.563140497663,35
0.522147875066,97
0.506024507974,133
0.49898203037,146
0.494186184259,158
0.393312820453,98
0.678311875916,2
0.55682946318,17
0.383002835414,5
0.823987618258,1
0.723447922509,3
0.83561756379,1
0.807778402233,1
0.605092266037,12
0.450567053643,17
0.459358720335,25
0.436312284668,102
0.418542864799,95
0.633402081277,6
0.387242881587,109
0.4698086694,56
0.480828397719,125
0.415331683164,107
0.461959062459,86
0.567558216705,34
0.620419526239,2
0.423604285754,49
0.450075030678,80
0.646954884085,9
0.492134497177,143
0.483067169512,199
0.563727172226,121
0.438938225753,38
0.703835343749,1
0.683936494019,2
0.677875272932,3
0.647088611157,4
0.639587344122,5
0.629790313494,7
0.607534927644,8
0.604532840008,9
0.602912398065,10
0.602869110779,11
0.597608842511,12
0.592600948505,13
0.590493635072,14
0.587841429593,15
0.584818042063,16
0.583621183238,17
0.577344862807,18
0.57721473084,19
0.574850178789,20
0.570890591236,21
0.56964399546,22
0.567047391076,23
0.564671973939,24
0.56385213449,25
0.563145066863,26
0.562420405184,27
0.562154591992,28
0.562131857561,29
0.560258133866,30
0.422357295628,31
0.558471529002,32
0.557572572944,33
0.557453893653,34
0.553897488886,35
0.553421085378,36
0.552920456465,37
0.552649935261,38
0.552581324713,39
0.5524281333,40
0.552406043815,41
0.552311254848,42
0.551107193688,43
0.550774497047,44
0.550566788635,45
0.550541211397,46
0.550329746612,47
0.549739691319,48
0.549491459371,49
0.548865519429,50
0.548821475057,51
0.548801435453,52
0.548217009922,53
0.548039410094,54
0.547795480098,55
0.546835099494,56
0.545200040005,57
0.544946093899,58
0.544618167029,59
0.544514811014,60
0.544156551753,61
0.544153996347,62
0.542718830277,63
0.54216759734,64
0.541934142857,65
0.541834129242,66
0.541567470827,67
0.54134562944,68
0.541019179909,69
0.540855901471,70
0.540799545116,71
0.540459471173,72
0.54026621921,73
0.54015690989,74
0.539442049506,75
0.53929137648,76
0.539146205588,77
0.53753673273,78
0.537318942835,79
0.537241042755,80
0.536394674376,81
0.535824057889,82
0.535821758387,83
0.535428259296,84
0.533472837596,85
0.533432960235,86
0.533326838808,87
0.533083199122,88
0.532995605229,89
0.532640316828,90
0.532640558013,91
0.53257034516,92
0.53250973936,93
0.532388939627,94
0.531469077064,95
0.531238285642,96
0.5302222756,97
0.529907373185,98
0.529701260977,99
0.529324158678,100
0.529007734183,101
0.528144990233,102
0.427490281071,19
0.400340304167,119
0.386646731141,164
0.904491690501,1
0.642646428766,5
0.509873631537,116
0.500566938524,151
0.478064790021,16
0.435985890531,34
0.422291231881,47
0.39892084361,80
0.636919314907,8
0.732180655727,3
0.527251626659,84
0.538697791716,8
0.74912354616,1
0.681661299684,2
0.601354153729,9
0.591649163147,10
0.573314733458,17
0.521901917114,62
0.516222613995,79
0.613729633721,34
0.543837703868,111
0.692960768875,2
0.689175355124,4
0.646754474276,9
0.643077549272,10
0.641601762863,11
0.638161559668,12
0.633252561588,13
0.629661471861,14
0.625077796073,17
0.622044988439,18
0.622002815695,19
0.619679704108,23
0.616507102708,25
0.616179295408,26
0.615076363075,28
0.61307586319,29
0.609133934562,31
0.604382263223,38
0.603594116694,39
0.601597827466,40
0.599653638731,41
0.59444198036,45
0.592849231854,51
0.5870718963,61
0.582317772975,69
0.57615862346,92
0.575854417961,93
0.573802854053,108
0.572853068019,110
0.571981300517,116
0.493650935667,24
0.746468254328,3
0.738891142342,1
0.667186084302,6
0.605335907939,18
0.559372951863,47
0.548532157158,65
0.548487175219,66
0.516014992102,134
0.651698858905,4
0.735380626667,2
0.651351314005,16
0.647820949574,17
0.593270216272,49
0.581484355754,60
0.573915734346,72
0.479523721577,57
0.46766607825,73
0.458326519971,105
0.444856529748,162
0.404370209357,64
0.682451127983,4
0.673317684824,5
0.658800954396,7
0.642535523702,9
0.609409768779,18
0.578669445454,33
0.571646427691,38
0.507747116251,109
0.501838808217,120
0.455964547384,150
0.656876703447,2
0.484260891618,27
0.450388726835,42
0.549282236228,39
0.778714125467,1
0.579982504226,45
0.463129001677,26
0.589981277336,23
0.813045983661,1
0.779090955401,2
0.67074011744,2
0.762465267486,2
0.456554187999,99
0.549195232574,12
0.518174763738,25
0.495865831013,40
0.467830625487,103
0.460956014206,11
0.417255660021,119
0.552151676296,3
0.540442217016,4
0.527782843343,9
0.516917084082,12
0.501053074882,17
0.495758000226,27
0.486353315427,38
0.470894204582,77
0.660186551545,5
0.565959432608,4
0.543111608692,18
0.33215852383,171
0.538937887659,18
0.65229815981,2
0.73255441379,3
0.554168349851,37
0.768695807674,1
0.738464575884,3
0.519617133973,25
0.503586654478,32
0.486815263405,41
0.704107178503,1
0.669788368299,2
0.375996078734,107
0.418551889504,20
0.469268970301,30
0.451947953019,45
0.435892663951,71
0.418243889083,117
0.413675857765,137
0.40979209296,157
0.526788469209,4
0.347948104329,62
0.346974902608,66
0.337471677658,84
0.321746337162,139
0.678935441175,1
0.77766368908,2
0.577674419986,4
0.418019583282,37
0.334225351862,193
0.638373868002,3
0.629003272032,4
0.618865386144,13
0.596613836441,28
0.553483966073,177
0.552090290198,190
0.551441834707,195
0.596063195693,10
0.577139616006,13
0.56827851726,17
0.542571121777,40
0.52958675488,42
0.497607991688,99
0.53072892882,20
0.449763015779,125
0.697283833198,4
0.689308174865,6
0.659116412848,7
0.62963495455,12
0.619001570791,16
0.56182965642,37
0.552159753182,44
0.536779542515,62
0.529826693664,72
0.519422717818,93
0.513674991217,105
0.503440067148,128
0.491525860568,158
0.629703371001,11
0.629683425766,5
0.516994425954,9
0.494939242539,16
0.462504511944,44
0.461691733658,46
0.459854972387,51
0.458275585867,55
0.458036140441,56
0.45264733734,68
0.404397566813,177
0.688495269737,2
0.675851091195,4
0.662887731907,6
0.605919071707,14
0.575976498115,23
0.51082696566,89
0.492973335416,133
0.478839568945,175
0.581204096448,6
0.750335689845,1
0.660772223717,1
0.588143555301,92
0.573901094654,114
0.565857452573,124
0.565850320115,125
0.527853508589,75
0.46157279987,41
0.445915989753,75
0.825573976108,1
0.672410415305,143
0.693492625302,6
0.496850378102,45
0.447412988419,135
0.446598140026,138
0.435154263485,192
0.447892996784,21
0.384305977363,73
0.647534424495,2
0.542306336428,15
0.718658804891,3
0.625322403002,11
0.615072664785,5
0.611220735556,8
0.866475434204,1
0.557508561314,8
0.381246651247,79
0.550618814506,10
0.456454050558,113
0.611891692971,121
0.578259125549,12
0.561507182154,23
0.537601091732,48
0.508734905999,87
0.504005755079,92
0.469101102167,175
0.464254197146,195
0.354519639788,172
0.639163241226,12
0.565767174711,63
0.445737783705,43
0.441238517602,53
0.405169193447,156
0.5458744276,56
0.429471423723,143
0.727746019397,3
0.730508440431,3
0.605136386124,17
0.483075461356,181
0.909228861931,1
0.608748460997,16
0.597117168161,21
0.554034820414,64
0.497171708976,192
0.489351057141,4
0.559598089167,13
0.55887674886,14
0.515307063486,30
0.513276569468,31
0.501269175049,43
0.49733314479,45
0.467944096134,84
0.450825137382,114
0.435474177685,155
0.434949183123,158
0.582013358494,10
0.512242097438,51
0.703739089009,12
0.70357683181,13
0.684847840948,37
0.648451213747,145
0.498988052245,13
0.627904913597,12
0.358867786934,82
0.59126253604,3
0.550968659678,5
0.471722587569,13
0.43151926804,69
0.419096919368,119
0.587602882008,51
0.700382489547,1
0.673594425176,3
0.672476261436,2
0.61408500872,4
0.534255992463,21
0.471019704532,79
0.443597214125,138
0.431883060567,28
0.396601649956,50
0.652092513302,6
0.715473475781,1
0.712537014139,2
0.50152301131,76
0.421732411373,37
0.688552107174,2
0.640198594384,4
0.415101849887,152
0.63724525543,15
0.501615258322,17
0.480777894276,23
0.416808350199,114
0.639264142303,12
0.636606746827,13
0.615524790553,17
0.598187029672,21
0.59571160667,23
0.585678314447,27
0.584175053058,30
0.580802695877,33
0.577836168127,34
0.576207948965,35
0.565323495589,40
0.558298485487,45
0.556146321381,46
0.552004555962,48
0.546367635545,54
0.543271538837,59
0.543008612291,61
0.54231030516,62
0.531067758919,76
0.521298422277,98
0.514460420339,115
0.509078186442,132
0.506028022452,144
0.500112449839,169
0.397134341168,117
0.4805501796,86
0.641106700327,14
0.618996260007,21
0.589409627604,39
0.579364784674,52
0.573033455745,60
0.567648951444,66
0.524451038267,121
0.506617365417,179
0.574329722761,35
0.611638962239,2
0.529016522515,9
0.430611408884,57
0.393415195851,126
0.533625795977,83
0.614587782137,28
0.586741268056,97
0.526594929775,22
0.498546903748,69
0.653729939877,12
0.509868388461,3
0.434634671982,14
0.393261146899,37
0.385790017383,42
0.485929339686,2
0.468022793454,5
0.403175506574,141
0.39848717017,159
0.401541370986,180
0.601247045018,6
0.577822735309,10
0.666918344508,15
0.45107405785,41
0.515660214583,2
0.707907444374,1
0.524500937858,61
0.795426705612,2
0.743918667164,4
0.698212377819,7
0.736099280804,2
0.595364744486,40
0.587125688892,47
0.52575193053,185
0.555509966735,42
0.55259456166,50
0.532290038187,104
0.546571754529,25
0.488034364082,38
0.600203700678,2
0.526607909499,8
0.52576779287,9
0.520893071575,12
0.48832220846,27
0.472755239797,36
0.46748335649,42
0.453805375814,55
0.450957700919,62
0.43495789068,27
0.350992983487,190
0.62373506219,27
0.393858101156,176
0.681661299684,9
0.595659785229,32
0.575563783095,55
0.552065116003,95
0.494615660451,15
0.494297900413,16
0.458661168098,48
0.405893562489,179
0.65793862034,7
0.501235726945,11
0.363946581202,81
0.556908325851,85
0.553309748805,102
0.548477427438,31
0.549125829025,4
0.472296080346,59
0.373460061045,104
0.549159741666,8
0.48939343148,20
0.488837649951,21
0.44849395711,89
0.429140167144,155
0.42491347081,186
0.663605407931,11
0.584377040269,29
0.571837248942,39
0.635453214477,3
0.629211586695,5
0.599793570305,10
0.586162527657,24
0.539107839008,144
0.532954947412,192
0.471686175808,179
0.636555794738,8
0.591399348455,64
0.434171244431,103
0.428336512398,127
0.624223519201,8
0.540561613616,84
0.50350418988,179
0.675250008933,5
0.665956148249,10
0.655611724154,19
0.651914716997,24
0.624712231029,6
0.579418059848,19
0.666808603733,4
0.694180192265,1
0.646474698598,40
0.622676980192,24
0.609450195105,48
0.599844926686,75
0.535856970956,24
0.50206008407,74
0.48571581366,113
0.658838737182,7
0.657117649604,8
0.624940166235,17
0.614157343994,21
0.603803371099,26
0.601531990494,29
0.510302513991,164
0.506220626112,174
0.643838432885,10
0.567260309851,70
0.538648510797,168
0.703740518194,4
0.695505458101,7
0.683548389641,9
0.653437712721,15
0.640004381063,21
0.616956300834,29
0.558286935585,70
0.503950517752,198
0.405421721313,113
0.641462482378,4
0.6301707383,5
0.60469793439,8
0.590931462579,9
0.578313364405,11
0.548182552457,19
0.543310453756,21
0.540757901086,23
0.534179059869,25
0.528311895424,29
0.520448480153,35
0.508226878991,42
0.5016196282,43
0.499112540512,48
0.496328364676,53
0.495967534959,54
0.492276537534,57
0.485502743935,64
0.45659188544,56
0.35511520137,189
0.602101776015,7
0.4965838549,65
0.474305708829,142
0.653156905552,5
0.608283406845,18
0.600964365492,19
0.509800961035,119
0.508877970302,120
0.647328767244,6
0.623033757721,9
0.615083122654,11
0.51688949214,196
0.543687159395,15
0.514364597178,32
0.610077446738,67
0.502921530813,60
0.495281176281,80
0.614558903716,15
0.604912795494,21
0.588362134059,44
0.572083185476,75
0.730213744471,2
0.593680293732,15
0.825383064503,1
0.742561028892,2
0.465102341537,12
0.637822888337,5
0.581638407483,20
0.537040223178,58
0.683937175933,2
0.390710088039,137
0.460969305661,59
0.609818396181,2
0.556688100765,35
0.385171642368,11
0.326507874733,50
0.503958705157,54
0.496847868543,38
0.725081658282,3
0.596660814557,22
0.662865542411,5
0.765433866992,1
0.521778197715,73
0.620805953127,29
0.597456988232,92
0.761267505593,3
0.714158554506,4
0.63955823773,4
0.547594152059,20
0.467733423333,165
0.353824246815,127
0.632243236787,18
0.613157270964,87
0.64378085377,20
0.588537498793,11
0.563152154823,16
0.562041644274,19
0.519546448797,44
0.518839401028,45
0.516693544696,48
0.477435937719,161
0.475470094883,174
0.469333065749,195
0.339651298937,175
0.734435847307,7
0.674943866014,2
0.466951342425,43
0.42433317099,28
0.55216888724,44
0.544124732417,50
0.583726126419,46
0.387960888123,45
0.608282467009,26
0.491217860411,36
0.380905631192,59
0.554480271082,114
0.663409224519,9
0.644560814789,13
0.552157930546,180
0.66419381396,9
0.607118401662,42
0.489830759059,14
0.463699474185,32
0.453009711863,53
0.425587356553,177
0.674479471767,8
0.448835281814,159
0.630753535156,7
0.512719591442,56
0.508424552897,59
0.545729400363,125
0.532659075252,163
0.432071989486,41
0.572632363929,27
0.513007314602,173
0.529701790582,13
0.670622276529,2
0.585775773955,52
0.563534452527,95
0.731566434069,1
0.64843440443,12
0.760076471991,1
0.718900613768,2
0.612456977216,31
0.577660257004,110
0.73700255161,3
0.601354153729,36
0.485605703689,23
0.453100167816,65
0.430101753045,119
0.70182454427,1
0.506973845058,26
0.371596867993,60
0.421240865316,33
0.766499695062,1
0.826736960916,1
0.574242489529,79
0.569664433175,119
0.564456029789,187
0.693593758073,2
0.651440235502,4
0.609572699204,29
0.603637338135,34
0.569722830303,106
0.350471133027,144
0.566819056984,6
0.515954334014,18
0.493597894489,37
0.631414444998,8
0.596679719187,13
0.554026319535,59
0.549348179051,70
0.525144401593,144
0.522812838962,155
0.731855570976,5
0.685880455577,14
0.414495833451,50
0.388126293493,152
0.793654380101,1
0.721666531012,3
0.571970522052,47
0.436243369612,185
0.68711870292,5
0.497823491606,42
0.433592494481,72
0.454520909965,71
0.474143650292,60
0.701246086761,1
0.448975914696,48
0.689006687498,2
0.64406193485,4
0.494129946775,30
0.491448466402,33
0.826968578259,1
0.409282222791,78
0.399740772822,113
0.396494391588,127
0.794401997658,1
0.736941305094,2
0.715246450006,3
0.711095323668,4
0.696232590143,5
0.68711870292,6
0.663935227114,7
0.660829463129,8
0.656876703447,9
0.633196697597,11
0.60738359924,12
0.604284665559,13
0.553401706844,17
0.533345156291,20
0.533125820362,21
0.52496971642,23
0.521642680046,24
0.519564194291,25
0.515508871541,26
0.506852803002,28
0.49676146502,29
0.495159075106,30
0.494835808403,31
0.492490063609,32
0.48580558428,33
0.483797063712,34
0.481447856893,35
0.475590426856,36
0.473222748712,37
0.471033574362,38
0.459358720335,43
0.45659188544,45
0.45197273521,46
0.45107405785,47
0.448337593811,48
0.447534070745,49
0.442213924413,52
0.435014089258,54
0.434192420222,55
0.433330208298,56
0.432071989486,58
0.431813076269,59
0.427985409561,61
0.426863746914,62
0.423810371089,65
0.423604285754,66
0.421240865316,67
0.416371825039,70
0.415331683164,71
0.412666594698,72
0.412472498617,73
0.410820512791,75
0.4093290612,76
0.409132078743,77
0.408285401696,78
0.407741842689,79
0.405697380916,81
0.405687205573,82
0.402069576016,83
0.401960767583,84
0.400365142392,85
0.39848717017,87
0.393492471177,92
0.392695699585,93
0.390916280434,94
0.390657408191,95
0.389760497371,98
0.388858518467,99
0.38865282955,100
0.386445999651,104
0.385102555637,105
0.384624677416,106
0.383407775454,108
0.383361024975,109
0.38319734824,110
0.383118174791,111
0.38292037671,112
0.380905631192,116
0.380171409055,118
0.379688833528,121
0.379225373434,122
0.378413178372,124
0.377433258047,126
0.375151033411,128
0.374311508601,130
0.373495953691,132
0.370100501929,140
0.369944351272,141
0.369051622657,143
0.368163773902,144
0.368099201052,145
0.367755029614,146
0.366441287256,148
0.365365860397,150
0.36324737792,152
0.362498582526,153
0.361981881549,155
0.361483758727,158
0.361067260037,159
0.359618879192,162
0.359605649891,163
0.358537646897,164
0.357985319447,166
0.35759052818,167
0.35669239942,169
0.356432734574,170
0.353473650958,176
0.352114518609,181
0.351774636433,182
0.350988158605,185
0.347737129592,189
0.347621018599,190
0.34744941123,191
0.346553594703,193
0.343700203539,199
0.654177918237,194
0.710771556143,1
0.687994141256,3
0.485048276771,17
0.399673038616,93
0.46606559772,36
0.417526310644,125
0.398023927815,93
0.614954510799,13
0.557880381955,37
0.757576484763,2
0.746496256869,3
0.677611210493,7
0.57319861834,67
0.533628513547,47
0.425600633171,80
0.579648044779,27
0.45896991076,118
0.378395537639,72
0.786985077759,1
0.643391603655,7
0.77705463625,3
0.619973626545,43
0.611753488301,57
0.581009979159,96
0.546247681488,1
0.430624417978,103
0.484730104374,31
0.472459205683,46
0.703919590808,1
0.472608390963,37
0.454626713357,95
0.763769482082,1
0.695455389448,4
0.582936112007,27
0.545446714338,65
0.68501871869,3
0.584779601624,10
0.478984129358,152
0.701874241424,2
0.391956391058,183
0.370826815853,89
0.447396275693,70
0.528013422137,12
0.52183384773,16
0.51277519229,18
0.51238782436,19
0.510107741171,22
0.454794861739,52
0.642906320747,4
0.628288550707,6
0.616258933633,8
0.460094991155,67
0.44543324975,120
0.684590857984,1
0.450079236557,45
0.599486752518,10
0.558748381396,26
0.516051032145,71
0.504824144572,88
0.494463462566,109
0.478290379056,151
0.466891951487,197
0.39621750589,17
0.386445999651,52
0.645750100001,17
0.40038453296,28
0.377563804562,191
0.819807406788,4
0.811146880612,5
0.46330575434,33
0.597552461864,2
0.478535683006,37
0.545945452727,6
0.453682887308,96
0.448183657935,118
0.685193882943,5
0.471688631945,59
0.637571325192,3
0.581338513305,139
0.631011156291,2
0.601941643546,3
0.584953633151,5
0.536256086198,163
0.450853475161,26
0.567390409851,12
0.521747442922,42
0.553974830837,12
0.646885507796,6
0.632410411212,12
0.584641038552,66
0.584371705063,67
0.571922613434,105
0.571700994866,106
0.571091595065,108
0.368698168312,29
0.33347517918,76
0.316941316814,154
0.494621264034,13
0.655587235692,6
0.625040909631,60
0.536960113428,48
0.611104177614,22
0.594002455403,38
0.654991128475,26
0.774689379769,7
0.657978208842,94
0.602833601515,34
0.446221211604,39
0.647615759725,8
0.6363517926,10
0.60876839125,13
0.587631870431,18
0.586133204887,20
0.583864880749,22
0.576892569731,25
0.571584463684,26
0.570016947328,27
0.569407182391,28
0.56877676517,29
0.568467567868,30
0.567335355608,31
0.560210419993,37
0.554368202331,40
0.54177109552,51
0.540054497361,54
0.535278805861,60
0.535117338902,61
0.532497606862,63
0.530989218239,65
0.724480968369,1
0.582593555307,6
0.513084519964,10
0.503070631797,14
0.538460341459,67
0.693276115602,18
0.67474370834,37
0.516565892828,26
0.553753421368,18
0.528118063027,24
0.382144477994,193
0.432578859441,76
0.59928608906,36
0.570991251183,118
0.520518390199,133
0.606575163382,6
0.491077146273,41
0.476340502954,15
0.426200991806,45
0.374023382096,22
0.587707045635,23
0.513472654111,84
0.539611296258,148
0.676203016008,2
0.47063381706,23
0.39346169805,194
0.615212546627,5
0.604284665559,6
0.448777943203,46
0.367232431564,120
0.547772158642,23
0.464971617042,163
0.811199150884,1
0.578492201587,113
0.418436157838,30
0.631716208787,9
0.802884909086,1
0.723393771378,4
0.627642553886,3
0.504379678807,65
0.55473634003,19
0.475373563012,94
0.454632960609,37
0.71685461629,8
0.714563351899,12
0.710520688501,15
0.398930198129,32
0.663079163939,40
0.728857671758,4
0.649049350171,8
0.643988970387,9
0.611991906096,13
0.57763701092,27
0.526726905144,65
0.521853447793,70
0.502069114529,114
0.48514508811,160
0.485075804747,161
0.566096526122,11
0.551618128605,16
0.532038291531,37
0.524884460774,50
0.516788695829,61
0.516207953304,65
0.514634837074,67
0.49479390362,157
0.491308520664,173
0.56014461436,17
0.747630840894,1
0.66667458593,3
0.555578728416,23
0.461322081176,43
0.654908083444,118
0.561064925141,6
0.545919699386,11
0.545882518267,12
0.533778759357,16
0.52949625623,17
0.494947782981,56
0.493917758761,61
0.479325997173,98
0.521539442519,19
0.478907017462,78
0.455029287648,170
0.501053074882,89
0.491753458329,109
0.486976118554,120
0.501910661691,36
0.546735781316,5
0.460514499459,50
0.645014038115,8
0.597544365669,26
0.587362436316,32
0.573046716603,42
0.557468858992,51
0.529007470233,74
0.509490810335,102
0.502841480617,117
0.498169947858,134
0.456293622839,156
0.462176118552,73
0.438964800314,192
0.501624801337,98
0.472920575374,69
0.425431812776,129
0.745384370016,1
0.734261291013,3
0.674076446069,6
0.602970849743,22
0.601944039544,23
0.582257991708,32
0.565501210798,44
0.515475553124,112
0.501708329864,139
0.489970940104,177
0.347621018599,101
0.67457186911,2
0.590975676783,18
0.579002779446,20
0.511245989509,86
0.592451722511,5
0.637761043633,2
0.477650930671,11
0.42824672478,106
0.750746183193,3
0.521657624011,107
0.782603251131,6
0.526191028979,49
0.490980397499,131
0.488075939723,139
0.574055866612,7
0.45365787106,25
0.402302642341,90
0.398087048474,110
0.390305355915,142
0.568266411659,7
0.690888823685,1
0.620503505715,10
0.604350090722,13
0.526232827362,53
0.704321739437,9
0.41461876624,120
0.667287135472,4
0.598628181546,31
0.586223493774,35
0.56850566854,52
0.504171086962,190
0.514557751121,30
0.532143088824,47
0.505462109675,167
0.627935283591,22
0.578860955797,69
0.533839941704,174
0.574496672971,68
0.470244975656,94
0.449548363983,200
0.401684040054,70
0.403839465904,82
0.465218742215,116
0.445726110112,174
0.691071135267,13
0.572641834589,78
0.367229251396,73
0.697939721801,1
0.656119681944,6
0.648405088751,8
0.639720173311,10
0.628061711719,13
0.609141877307,20
0.578174882564,32
0.566104396302,36
0.556852445567,44
0.542738485365,66
0.528439250277,89
0.508905567324,137
0.506773148116,142
0.489913770557,196
0.691609354562,3
0.677679193934,5
0.628591584846,9
0.601515268352,25
0.601296550888,26
0.586638108435,33
0.566679092457,52
0.537740165928,86
0.515891579847,140
0.420608561376,52
0.542397842671,1
0.412552801676,29
0.407069097317,34
0.374257178082,88
0.370783338221,100
0.353069763298,155
0.352013870196,163
0.598752622208,3
0.586390044663,14
0.559461258628,28
0.477465191948,172
0.446875669319,25
0.45197273521,17
0.645138278838,12
0.609175325405,19
0.588979809508,29
0.585701162942,31
0.577110892579,35
0.571261677664,38
0.548775876662,61
0.538170333882,88
0.523656695012,114
0.369674400931,116
0.62928099661,9
0.576019801785,27
0.501137831191,117
0.41299280441,174
0.555182882328,9
0.463494887035,46
0.445275861833,79
0.441041560078,87
0.4209595908,150
0.734614307753,9
0.720543754874,12
0.744095340315,4
0.606279477226,27
0.603672971588,29
0.603424093467,30
0.575252342572,56
0.568373989184,64
0.560146676386,78
0.538268569558,105
0.51657159312,164
0.51078985511,180
0.338431160502,92
0.431813076269,85
0.335202709597,84
0.627827615376,91
0.446679446634,178
0.491958493718,11
0.437851432917,36
0.421601877245,71
0.442124752156,61
0.759587725514,1
0.694017269028,5
0.686637462991,6
0.577187159471,71
0.516419912679,185
0.515734974222,187
0.515393784132,188
0.543126283377,10
0.44355307397,78
0.435615397712,101
0.757670688545,2
0.714861603403,4
0.706681724968,6
0.608142715698,19
0.581583156757,33
0.557229169121,47
0.550541571072,54
0.562776727857,47
0.45730441571,85
0.668638181139,9
0.64975023675,14
0.600659233097,29
0.717977624647,23
0.705390814647,33
0.7032436665,35
0.658594538341,8
0.698891316671,2
0.660611016877,7
0.56841375712,85
0.543660932536,145
0.534738376825,183
0.598222332736,2
0.561243807359,29
0.559970452945,32
0.704927408895,2
0.551554075908,54
0.480013339562,4
0.831056174022,2
0.728046571222,10
0.611852061213,54
0.491257482225,44
0.586108360185,5
0.556635287311,9
0.542517796695,12
0.541646055113,13
0.527121753213,19
0.512717842139,32
0.511550928431,35
0.482208675306,79
0.476057767344,94
0.449842374169,198
0.433330208298,22
0.761430056488,1
0.672190637133,4
0.639123379747,14
0.535220669601,135
0.350988158605,76
0.494311519139,25
0.524348577473,6
0.419976630471,125
0.712993222949,2
0.598097342935,2
0.490553194232,12
0.441626837049,34
0.77847324355,2
0.639057842479,29
0.600602756567,94
0.581349436414,20
0.509551410167,80
0.516515890653,24
0.450762170489,116
0.401960767583,98
0.696924434288,1
0.690329681143,2
0.686972793453,3
0.656828640896,5
0.651716530809,7
0.650404840933,8
0.649904590305,9
0.647647557783,10
0.639178607702,11
0.624550075123,13
0.612896898955,15
0.611319345327,17
0.611152756322,18
0.594587579492,28
0.583892511961,37
0.579950537227,42
0.566857206632,54
0.561929343653,67
0.560559136526,70
0.555124940684,77
0.55212339303,83
0.519071347528,147
0.51874494459,150
0.510517382666,176
0.507206465538,190
0.505232899586,198
0.511657345912,34
0.50089754983,45
0.718929009757,2
0.64464810004,6
0.567620524641,77
0.437733019576,145
0.638412639099,13
0.7152446857,1
0.596028053843,12
0.569641173074,27
0.546494327509,67
0.713150465237,2
0.669315609527,2
0.52022634679,6
0.363607193427,92
0.412472498617,33
0.418452075206,103
0.669412726707,1
0.393492471177,105
0.507778675231,28
0.702370516821,6
0.54529138471,4
0.402626933788,131
0.464849918408,9
0.576400003818,63
0.443074640423,56
0.776044226407,1
0.580789058838,3
0.741181943732,2
0.717148924108,4
0.692310101227,5
0.68437910751,6
0.645612649068,9
0.605144048186,27
0.603497659159,28
0.581326541491,48
0.534169389064,110
0.525879508742,125
0.513177738113,164
0.546292358549,16
0.525209255036,29
0.531564696813,3
0.52558046749,5
0.606966530258,3
0.572726442167,5
0.533036430888,7
0.507000825049,11
0.419410843048,37
0.412196391281,44
0.3997421218,59
0.385395581248,74
0.37983062561,86
0.569488413513,194
0.787109816082,2
0.554338446065,178
0.661303404175,4
0.533882202588,67
0.519514096849,80
0.476066358563,172
0.539377214459,93
0.515974056259,148
0.470850367708,90
0.469970322476,94
0.443217514874,150
0.349950919836,163
0.516656040256,33
0.663935227114,6
0.535506861222,18
0.428641674864,66
0.605519925526,9
0.585969924822,18
0.532570800415,86
0.429192119192,66
0.411521281598,69
0.70616173873,2
0.610546581058,23
0.323134781382,158
0.662921978268,5
0.670153240829,12
0.593912483164,41
0.476512659559,159
0.56428265007,19
0.49327330055,85
0.464208506214,176
0.426633983365,81
0.425371045364,86
0.422159606813,97
0.416346653557,119
0.385102555637,107
0.613319573738,16
0.493689928983,164
0.553271163587,4
0.496704556218,12
0.46881785029,26
0.466812259212,28
0.54356664867,12
0.539283033656,16
0.401038029258,32
0.377605175398,51
0.748147007799,1
0.452045951135,54
0.51129207635,3
0.490786407213,5
0.436581488709,11
0.413818486234,153
0.468577577073,59
0.381351835056,157
0.347784765973,85
0.56875700869,55
0.565627119634,64
0.82652118513,1
0.553533794994,100
0.660829463129,2
0.423907948831,50
0.377204770017,107
0.625093899475,2
0.447534070745,28
0.642568028282,9
0.601949204243,28
0.600133245337,29
0.36176896591,158
0.359045833665,176
0.59556035862,11
0.541797979963,63
0.614901645973,3
0.562453638993,8
0.598741528119,6
0.569031552814,17
0.566435521011,19
0.519903667075,90
0.571418577024,46
0.720407846895,1
0.688438386519,2
0.66024835715,16
0.598674816898,65
0.590632969341,145
0.54684984225,66
0.647678609022,2
0.570720737054,1
0.503167993977,4
0.493452528848,6
0.446733323129,21
0.43548734009,32
0.434075682623,33
0.41735023335,48
0.37309574214,173
0.827648822072,1
0.499553606539,178
0.387839860776,106
0.657264764171,3
0.634775390167,6
0.614419553644,11
0.605242168757,19
0.514301638267,122
0.496799916447,186
0.711095323668,1
0.509625872591,35
0.494479907246,41
0.603571983796,3
0.579277512938,5
0.50593584635,53
0.463471950976,184
0.362232458922,191
0.799792652524,1
0.389760497371,79
0.768141028922,1
0.433311908298,55
0.732252365078,38
0.407741842689,60
0.593300269932,14
0.502390237497,85
0.466788759875,189
0.749576485348,2
0.553611215562,34
0.515645561229,25
0.457505901858,137
0.418557963659,33
0.394929720831,67
0.386075350631,89
0.668257105777,2
0.625306508614,5
0.595036863006,9
0.59146044356,10
0.742933739969,1
0.709156258936,3
0.597608842511,26
0.675974681874,3
0.566720845344,59
0.47659250821,65
0.613527116922,27
0.579453995389,80
0.553155366342,178
0.569880629734,9
0.540945136267,14
0.534514913219,21
0.518722925273,17
0.465614423381,58
0.386862432711,183
0.439698617612,192
0.476815964847,7
0.428320608198,24
0.412387183308,40
0.403868185395,58
0.388084808152,119
0.577651297026,6
0.462309175027,56
0.464199968416,91
0.680225620705,4
0.569047005675,27
0.730674075206,4
0.67639502697,7
0.656561298354,8
0.648262176846,11
0.619521224485,7
0.554557461601,10
0.446924311298,61
0.591561506719,19
